Sailing arcs;291
2
3;58;205;250
14851;14851;19993;74851
11
12;75;214
18440;5576;44084
12
13;78;257;170
14851;14851;19993;74851
13
14;79;171
18440;5576;44084
14
15;82;215;260
14851;14851;19993;74851
15
16;83;261
18440;5576;44084
16
17;86;172;218
14851;14851;19993;74851
17
18;87;219
18440;5576;44084
18
19;90;262;175
14851;14851;19993;74851
19
20;91;176
18440;5576;44084
20
21;94;220;265
14851;14851;19993;74851
3
4;59;251
18440;5576;44084
21
22;95;266
18440;5576;44084
22
23;98;177;223
14851;14851;19993;74851
23
24;99;224
18440;5576;44084
24
25;102;267;180
14851;14851;19993;74851
25
26;103;181
18440;5576;44084
26
27;106;225;270
14851;14851;19993;74851
27
28;107;271
18440;5576;44084
28
29;110;182;228
14851;14851;19993;74851
29
30;111;229
18440;5576;44084
30
31;114;272;185
14851;14851;19993;74851
4
5;62;162;208
14851;14851;19993;74851
31
32;115;186
18440;5576;44084
32
33;118;230;275
14851;14851;19993;74851
33
34;119;276
18440;5576;44084
34
35;122;187;233
14851;14851;19993;74851
35
36;123;234
18440;5576;44084
36
37;126;277;190
14851;14851;19993;74851
37
38;127;191
18440;5576;44084
38
39;130;235;280
14851;14851;19993;74851
39
40;131;281
18440;5576;44084
40
41;134;192;238
14851;14851;19993;74851
5
6;63;209
18440;5576;44084
41
42;135;239
18440;5576;44084
42
43;138;282;195
14851;14851;19993;74851
43
44;139;196
18440;5576;44084
44
45;142;240;285
14851;14851;19993;74851
45
46;143;286
18440;5576;44084
46
47;146;197;243
14851;14851;19993;74851
47
48;147;244
18440;5576;44084
48
49;150;287;200
14851;14851;19993;74851
49
50;151;201
18440;5576;44084
50
51;154;245;290
14851;14851;19993;74851
6
7;66;252;165
14851;14851;19993;74851
51
52;155;291
18440;5576;44084
52
53;158;202
14851;14851;19993
53
0
0
7
8;67;166
18440;5576;44084
8
9;70;210;255
14851;14851;19993;74851
9
10;71;256
18440;5576;44084
10
11;74;167;213
14851;14851;19993;74851
55
56;161
164;105590
64
65;164;165
3645;5250;42023
154
155;246
5576;18659
155
156;291
164;105590
156
157;247
3645;5250
157
158;202
11287;14724
158
0;203
0;18659
65
66;252;165
11287;14724;73436
66
67;253
5576;18659
67
68;166
164;105590
68
69;254;255
3645;5250;42023
69
70;210;255
11287;14724;73436
70
71;211
5576;18659
71
72;256
164;105590
72
73;212;213
3645;5250;42023
73
74;167;213
11287;14724;73436
56
57;249;250
3645;5250;42023
74
75;168
5576;18659
75
76;214
164;105590
76
77;169;170
3645;5250;42023
77
78;257;170
11287;14724;73436
78
79;258
5576;18659
79
80;171
164;105590
80
81;259;260
3645;5250;42023
81
82;215;260
11287;14724;73436
82
83;216
5576;18659
83
84;261
164;105590
57
58;205;250
11287;14724;73436
84
85;217;218
3645;5250;42023
85
86;172;218
11287;14724;73436
86
87;173
5576;18659
87
88;219
164;105590
88
89;174;175
3645;5250;42023
89
90;262;175
11287;14724;73436
90
91;263
5576;18659
91
92;176
164;105590
92
93;264;265
3645;5250;42023
93
94;220;265
11287;14724;73436
58
59;206
5576;18659
94
95;221
5576;18659
95
96;266
164;105590
96
97;222;223
3645;5250;42023
97
98;177;223
11287;14724;73436
98
99;178
5576;18659
99
100;224
164;105590
100
101;179;180
3645;5250;42023
101
102;267;180
11287;14724;73436
102
103;268
5576;18659
103
104;181
164;105590
59
60;251
164;105590
104
105;269;270
3645;5250;42023
105
106;225;270
11287;14724;73436
106
107;226
5576;18659
107
108;271
164;105590
108
109;227;228
3645;5250;42023
109
110;182;228
11287;14724;73436
110
111;183
5576;18659
111
112;229
164;105590
112
113;184;185
3645;5250;42023
113
114;272;185
11287;14724;73436
60
61;207;208
3645;5250;42023
114
115;273
5576;18659
115
116;186
164;105590
116
117;274;275
3645;5250;42023
117
118;230;275
11287;14724;73436
118
119;231
5576;18659
119
120;276
164;105590
120
121;232;233
3645;5250;42023
121
122;187;233
11287;14724;73436
122
123;188
5576;18659
123
124;234
164;105590
61
62;162;208
11287;14724;73436
124
125;189;190
3645;5250;42023
125
126;277;190
11287;14724;73436
126
127;278
5576;18659
127
128;191
164;105590
128
129;279;280
3645;5250;42023
129
130;235;280
11287;14724;73436
130
131;236
5576;18659
131
132;281
164;105590
132
133;237;238
3645;5250;42023
133
134;192;238
11287;14724;73436
62
63;163
5576;18659
134
135;193
5576;18659
135
136;239
164;105590
136
137;194;195
3645;5250;42023
137
138;282;195
11287;14724;73436
138
139;283
5576;18659
139
140;196
164;105590
140
141;284;285
3645;5250;42023
141
142;240;285
11287;14724;73436
142
143;241
5576;18659
143
144;286
164;105590
63
64;209
164;105590
144
145;242;243
3645;5250;42023
145
146;197;243
11287;14724;73436
146
147;198
5576;18659
147
148;244
164;105590
148
149;199;200
3645;5250;42023
149
150;287;200
11287;14724;73436
150
151;288
5576;18659
151
152;201
164;105590
152
153;289;290
3645;5250;42023
153
154;245;290
11287;14724;73436
160
161;4;61;60;59
6991;100420;44417;57570;75418
169
170
48084
170
171;16;83;84;85
6991;100420;75418;57570;44417
171
172;173;17;18;86;87
72965;67762;58003;56847;84018;47735
172
173;218
20523;85027
173
174;18;88;219
9520;22159;27731;86307
174
175
48084
175
176;22;96;97;95
6991;100420;57570;44417;75418
176
177;178;23;24;98;99
72965;67762;58003;56847;84018;47735
177
178;223
20523;85027
178
179;24;100;224
9520;22159;27731;86307
161
162;163;5;6;62;63
72965;67762;58003;56847;84018;47735
179
180
48084
180
181;28;107;108;109
6991;100420;75418;57570;44417
181
182;183;29;30;110;111
72965;67762;58003;56847;84018;47735
182
183;228
20523;85027
183
184;30;112;229
9520;22159;27731;86307
184
185
48084
185
186;34;119;120;121
6991;100420;75418;57570;44417
186
187;188;35;36;122;123
72965;67762;58003;56847;84018;47735
187
188;233
20523;85027
188
189;36;124;234
9520;22159;27731;86307
162
163;208
20523;85027
189
190
48084
190
191;40;131;132;133
6991;100420;75418;57570;44417
191
192;193;41;42;134;135
72965;67762;58003;56847;84018;47735
192
193;238
20523;85027
193
194;42;136;239
9520;22159;27731;86307
194
195
48084
195
196;46;144;145;143
6991;100420;57570;44417;75418
196
197;198;47;48;146;147
72965;67762;58003;56847;84018;47735
197
198;243
20523;85027
198
199;48;148;244
9520;22159;27731;86307
163
164;6;64;209
9520;22159;27731;86307
199
200
48084
200
201;52;155;156;157
6991;100420;75418;57570;44417
201
202;203;53;158
72965;67762;58003;84018
202
203
20523
203
0
0
164
165
48084
165
166;10;73;71;72
6991;100420;44417;75418;57570
166
167;168;11;12;74;75
72965;67762;58003;56847;84018;47735
167
168;213
20523;85027
168
169;12;76;214
9520;22159;27731;86307
205
206;250
20523;85027
214
215;216;15;16;82;83
72965;67762;58003;56847;84018;47735
215
216;260
20523;85027
216
217;16;84;261
9520;22159;27731;86307
217
218
48084
218
219;20;91;92;93
6991;100420;75418;57570;44417
219
220;221;21;22;94;95
72965;67762;58003;56847;84018;47735
220
221;265
20523;85027
221
222;22;96;266
9520;22159;27731;86307
222
223
48084
223
224;26;104;105;103
6991;100420;57570;44417;75418
206
207;4;60;251
9520;22159;27731;86307
224
225;226;27;28;106;107
72965;67762;58003;56847;84018;47735
225
226;270
20523;85027
226
227;28;108;271
9520;22159;27731;86307
227
228
48084
228
229;32;116;117;115
6991;100420;57570;44417;75418
229
230;231;33;34;118;119
72965;67762;58003;56847;84018;47735
230
231;275
20523;85027
231
232;34;120;276
9520;22159;27731;86307
232
233
48084
233
234;38;128;129;127
6991;100420;57570;44417;75418
207
208
48084
234
235;236;39;40;130;131
72965;67762;58003;56847;84018;47735
235
236;280
20523;85027
236
237;40;132;281
9520;22159;27731;86307
237
238
48084
238
239;44;139;140;141
6991;100420;75418;57570;44417
239
240;241;45;46;142;143
72965;67762;58003;56847;84018;47735
240
241;285
20523;85027
241
242;46;144;286
9520;22159;27731;86307
242
243
48084
243
244;50;152;153;151
6991;100420;57570;44417;75418
208
209;8;68;67;69
6991;100420;57570;75418;44417
244
245;246;51;52;154;155
72965;67762;58003;56847;84018;47735
245
246;290
20523;85027
246
247;52;156;291
9520;22159;27731;86307
247
0
0
209
210;211;9;10;70;71
72965;67762;58003;56847;84018;47735
210
211;255
20523;85027
211
212;10;72;256
9520;22159;27731;86307
212
213
48084
213
214;14;80;81;79
6991;100420;57570;44417;75418
249
250
48084
258
259;14;80;171
9520;22159;27731;86307
259
260
48084
260
261;18;88;89;87
6991;100420;57570;44417;75418
261
262;263;19;20;90;91
72965;67762;58003;56847;84018;47735
262
263;175
20523;85027
263
264;20;92;176
9520;22159;27731;86307
264
265
48084
265
266;24;99;100;101
6991;100420;75418;57570;44417
266
267;268;25;26;102;103
72965;67762;58003;56847;84018;47735
267
268;180
20523;85027
250
251;6;65;64;63
6991;100420;44417;57570;75418
268
269;26;104;181
9520;22159;27731;86307
269
270
48084
270
271;30;112;111;113
6991;100420;57570;75418;44417
271
272;273;31;32;114;115
72965;67762;58003;56847;84018;47735
272
273;185
20523;85027
273
274;32;116;186
9520;22159;27731;86307
274
275
48084
275
276;36;123;124;125
6991;100420;75418;57570;44417
276
277;278;37;38;126;127
72965;67762;58003;56847;84018;47735
277
278;190
20523;85027
251
252;253;7;8;66;67
72965;67762;58003;56847;84018;47735
278
279;38;128;191
9520;22159;27731;86307
279
280
48084
280
281;42;136;137;135
6991;100420;57570;44417;75418
281
282;283;43;44;138;139
72965;67762;58003;56847;84018;47735
282
283;195
20523;85027
283
284;44;140;196
9520;22159;27731;86307
284
285
48084
285
286;48;147;148;149
6991;100420;75418;57570;44417
286
287;288;49;50;150;151
72965;67762;58003;56847;84018;47735
287
288;200
20523;85027
252
253;165
20523;85027
288
289;50;152;201
9520;22159;27731;86307
289
290
48084
290
291
6991
291
0
0
253
254;8;68;166
9520;22159;27731;86307
254
255
48084
255
256;12;75;76;77
6991;100420;75418;57570;44417
256
257;258;13;14;78;79
72965;67762;58003;56847;84018;47735
257
258;170
20523;85027
1
2
0
54
55
0
159
160
0
204
205
0
248
249
0
Transshipment arcs;277
2
4
11
169;78;13
12
14
13
259;82;15
14
16
15
217;86;17
16
18
17
174;90;19
18
20
19
264;94;21
20
22
3
207;62;5
21
222;98;23
22
24
23
179;102;25
24
26
25
269;106;27
26
28
27
227;110;29
28
30
29
184;114;31
30
32
4
6
31
274;118;33
32
34
33
232;122;35
34
36
35
189;126;37
36
38
37
279;130;39
38
40
39
237;134;41
40
42
5
164;66;7
41
194;138;43
42
44
43
284;142;45
44
46
45
242;146;47
46
48
47
199;150;49
48
50
49
289;154;51
50
52
6
8
51
247;158;53
7
254;70;9
8
10
9
212;74;11
10
12
55
59
64
68
154
51;247;158
158
53
65
69
66
7;254;70
67
71
68
72
69
73
70
9;212;74
71
75
72
76
73
77
56
60
74
11;169;78
75
79
76
80
77
81
78
13;259;82
79
83
80
84
81
85
82
15;217;86
83
87
57
61
84
88
85
89
86
17;174;90
87
91
88
92
89
93
90
19;264;94
91
95
92
96
93
97
58
3;207;62
94
21;222;98
95
99
96
100
97
101
98
23;179;102
99
103
100
104
101
105
102
25;269;106
103
107
59
63
104
108
105
109
106
27;227;110
107
111
108
112
109
113
110
29;184;114
111
115
112
116
113
117
60
64
114
31;274;118
115
119
116
120
117
121
118
33;232;122
119
123
120
124
121
125
122
35;189;126
123
127
61
65
124
128
125
129
126
37;279;130
127
131
128
132
129
133
130
39;237;134
131
135
132
136
133
137
62
5;164;66
134
41;194;138
135
139
136
140
137
141
138
43;284;142
139
143
140
144
141
145
142
45;242;146
143
147
63
67
144
148
145
149
146
47;199;150
147
151
148
152
149
153
150
49;289;154
151
155
152
156
153
157
160
250
169
78;13;259
170
260
171
261
172
262
173
263
174
90;19;264
175
265
176
266
177
267
178
268
161
251
179
102;25;269
180
270
181
271
182
272
183
273
184
114;31;274
185
275
186
276
187
277
188
278
162
252
189
126;37;279
190
280
191
281
192
282
193
283
194
138;43;284
195
285
196
286
197
287
198
288
163
253
199
150;49;289
200
290
201
291
164
66;7;254
165
255
166
256
167
257
168
258
205
162
214
171
215
172
216
173
217
86;17;174
218
175
219
176
220
177
221
178
222
98;23;179
223
180
206
163
224
181
225
182
226
183
227
110;29;184
228
185
229
186
230
187
231
188
232
122;35;189
233
190
207
62;5;164
234
191
235
192
236
193
237
134;41;194
238
195
239
196
240
197
241
198
242
146;47;199
243
200
208
165
244
201
245
202
246
203
247
158;53
209
166
210
167
211
168
212
74;11;169
213
170
249
58;3;207
258
216
259
82;15;217
260
218
261
219
262
220
263
221
264
94;21;222
265
223
266
224
267
225
250
208
268
226
269
106;27;227
270
228
271
229
272
230
273
231
274
118;33;232
275
233
276
234
277
235
251
209
278
236
279
130;39;237
280
238
281
239
282
240
283
241
284
142;45;242
285
243
286
244
287
245
252
210
288
246
289
154;51;247
253
211
254
70;9;212
255
213
256
214
257
215
