Sailing arcs;372
2
3;229;295
4869;118228;184382
9031;152285;237496
5801;97825;152562
11
12;318
517;90966
959;130311
616;83709
12
13;266;318
37490;51688;105599
48290;75573;136018
31021;48547;87375
13
14;94;233;267;298
5876;32595;24134;254588;127205
10898;43841;43841;327926;173142
7000;28163;28163;210652;111223
14
15;234;298
4869;118228;184382
9031;152285;237496
5801;97825;152562
15
16;198;235;358;298
1224;33306;144933;131090;281043
2271;51055;186684;168853;362002
1459;32797;119921;108467;232542
16
17;198;235;338;358
26955;63992;173225;46808;166646
49996;82425;223124;60292;214651
32116;52948;143330;38730;137887
17
18;359
517;90966
959;130311
616;83709
18
19;201;359
37490;51688;105599
48290;75573;136018
31021;48547;87375
19
20;100;168;202;340
5876;32595;24134;254588;127205
10898;43841;43841;327926;173142
7000;28163;28163;210652;111223
20
21;169;340
4869;118228;184382
9031;152285;237496
5801;97825;152562
3
4;193;230;355;295
1224;33306;144933;131090;281043
2271;51055;186684;168853;362002
1459;32797;119921;108467;232542
21
22;268;170;340;320
1224;33306;144933;281043;131090
2271;51055;186684;362002;168853
1459;32797;119921;232542;108467
22
23;268;170;299;320
26955;63992;173225;46808;166646
49996;82425;223124;60292;214651
32116;52948;143330;38730;137887
23
24;321
517;90966
959;130311
616;83709
24
25;271;321
37490;51688;105599
48290;75573;136018
31021;48547;87375
25
26;106;238;272;301
5876;32595;24134;254588;127205
10898;43841;43841;327926;173142
7000;28163;28163;210652;111223
26
27;239;301
4869;118228;184382
9031;152285;237496
5801;97825;152562
27
28;203;240;361;301
1224;33306;144933;131090;281043
2271;51055;186684;168853;362002
1459;32797;119921;108467;232542
28
29;203;240;341;361
26955;63992;173225;46808;166646
49996;82425;223124;60292;214651
32116;52948;143330;38730;137887
29
30;362
517;90966
959;130311
616;83709
30
31;206;362
37490;51688;105599
48290;75573;136018
31021;48547;87375
4
5;193;230;335;355
26955;63992;173225;46808;166646
49996;82425;223124;60292;214651
32116;52948;143330;38730;137887
31
32;112;173;207;343
5876;32595;24134;254588;127205
10898;43841;43841;327926;173142
7000;28163;28163;210652;111223
32
33;174;343
4869;118228;184382
9031;152285;237496
5801;97825;152562
33
34;273;175;343;323
1224;33306;144933;281043;131090
2271;51055;186684;362002;168853
1459;32797;119921;232542;108467
34
35;273;175;302;323
26955;63992;173225;46808;166646
49996;82425;223124;60292;214651
32116;52948;143330;38730;137887
35
36;324
517;90966
959;130311
616;83709
36
37;276;324
37490;51688;105599
48290;75573;136018
31021;48547;87375
37
38;118;243;277;304
5876;32595;24134;254588;127205
10898;43841;43841;327926;173142
7000;28163;28163;210652;111223
38
39;244;304
4869;118228;184382
9031;152285;237496
5801;97825;152562
39
40;208;245;364;304
1224;33306;144933;131090;281043
2271;51055;186684;168853;362002
1459;32797;119921;108467;232542
40
41;208;245;344;364
26955;63992;173225;46808;166646
49996;82425;223124;60292;214651
32116;52948;143330;38730;137887
5
6;356
517;90966
959;130311
616;83709
41
42;365
517;90966
959;130311
616;83709
42
43;211;365
37490;51688;105599
48290;75573;136018
31021;48547;87375
43
44;124;178;212;346
5876;32595;24134;254588;127205
10898;43841;43841;327926;173142
7000;28163;28163;210652;111223
44
45;179;346
4869;118228;184382
9031;152285;237496
5801;97825;152562
45
46;278;180;326;346
1224;33306;144933;131090;281043
2271;51055;186684;168853;362002
1459;32797;119921;108467;232542
46
47;278;180;305;326
26955;63992;173225;46808;166646
49996;82425;223124;60292;214651
32116;52948;143330;38730;137887
47
48;327
517;90966
959;130311
616;83709
48
49;281;327
37490;51688;105599
48290;75573;136018
31021;48547;87375
49
50;130;248;282;307
5876;32595;24134;254588;127205
10898;43841;43841;327926;173142
7000;28163;28163;210652;111223
50
51;249;307
4869;118228;184382
9031;152285;237496
5801;97825;152562
6
7;196;356
37490;51688;105599
48290;75573;136018
31021;48547;87375
51
52;213;250;307;367
1224;33306;144933;281043;131090
2271;51055;186684;362002;168853
1459;32797;119921;232542;108467
52
53;213;250;347;367
26955;63992;173225;46808;166646
49996;82425;223124;60292;214651
32116;52948;143330;38730;137887
53
54;368
517;90966
959;130311
616;83709
54
55;216;368
37490;51688;105599
48290;75573;136018
31021;48547;87375
55
56;136;183;217;349
5876;32595;24134;254588;127205
10898;43841;43841;327926;173142
7000;28163;28163;210652;111223
56
57;184;349
4869;118228;184382
9031;152285;237496
5801;97825;152562
57
58;283;185;329;349
1224;33306;144933;131090;281043
2271;51055;186684;168853;362002
1459;32797;119921;108467;232542
58
59;283;185;308;329
26955;63992;173225;46808;166646
49996;82425;223124;60292;214651
32116;52948;143330;38730;137887
59
60;330
517;90966
959;130311
616;83709
60
61;286;330
37490;51688;105599
48290;75573;136018
31021;48547;87375
7
8;88;163;197;337
5876;32595;24134;254588;127205
10898;43841;43841;327926;173142
7000;28163;28163;210652;111223
61
62;142;253;287;310
5876;32595;24134;254588;127205
10898;43841;43841;327926;173142
7000;28163;28163;210652;111223
62
63;254;310
4869;118228;184382
9031;152285;237496
5801;97825;152562
63
64;218;255;310;370
1224;33306;144933;281043;131090
2271;51055;186684;362002;168853
1459;32797;119921;232542;108467
64
65;218;255;350;370
26955;63992;173225;46808;166646
49996;82425;223124;60292;214651
32116;52948;143330;38730;137887
65
66;371
517;90966
959;130311
616;83709
66
67;221;371
37490;51688;105599
48290;75573;136018
31021;48547;87375
67
68;148;188;222;352
5876;32595;24134;254588;127205
10898;43841;43841;327926;173142
7000;28163;28163;210652;111223
68
69;189;352
4869;118228;184382
9031;152285;237496
5801;97825;152562
69
70;288;190;332;352
1224;33306;144933;131090;281043
2271;51055;186684;168853;362002
1459;32797;119921;108467;232542
70
71;288;190;311;332
26955;63992;173225;46808;166646
49996;82425;223124;60292;214651
32116;52948;143330;38730;137887
8
9;164;337
4869;118228;184382
9031;152285;237496
5801;97825;152562
71
72;333
517;90966
959;130311
616;83709
72
73;291;333
37490;51688;105599
48290;75573;136018
31021;48547;87375
73
74;154;258;292;313
5876;32595;24134;254588;127205
10898;43841;43841;327926;173142
7000;28163;28163;210652;111223
74
75;259;313
4869;118228;184382
9031;152285;237496
5801;97825;152562
75
76;223;313
1224;33306;281043
2271;51055;362002
1459;32797;232542
76
77;223;353
26955;63992;46808
49996;82425;60292
32116;52948;38730
77
78
517
959
616
78
79
37490
48290
31021
79
0
0
0
0
9
10;263;165;337;317
1224;33306;144933;281043;131090
2271;51055;186684;362002;168853
1459;32797;119921;232542;108467
10
11;263;165;296;317
26955;63992;173225;46808;166646
49996;82425;223124;60292;214651
32116;52948;143330;38730;137887
81
82;295
517;90966
959;130311
616;83709
90
91;266;318
4869;118228;184382
9031;152285;237496
5801;97825;152562
91
92;231;267;318;297
1224;33306;144933;281043;131090
2271;51055;186684;362002;168853
1459;32797;119921;232542;108467
92
93;231;267;357;297
26955;63992;173225;46808;166646
49996;82425;223124;60292;214651
32116;52948;143330;38730;137887
93
94;298
517;90966
959;130311
616;83709
94
95;234;298
37490;51688;105599
48290;75573;136018
31021;48547;87375
95
96;18;200;235;359
5876;32595;24134;254588;127205
10898;43841;43841;327926;173142
7000;28163;28163;210652;111223
96
97;201;359
4869;118228;184382
9031;152285;237496
5801;97825;152562
97
98;166;202;359;339
1224;33306;144933;281043;131090
2271;51055;186684;362002;168853
1459;32797;119921;232542;108467
98
99;166;202;319;339
26955;63992;173225;46808;166646
49996;82425;223124;60292;214651
32116;52948;143330;38730;137887
99
100;340
517;90966
959;130311
616;83709
82
83;229;295
37490;51688;105599
48290;75573;136018
31021;48547;87375
100
101;169;340
37490;51688;105599
48290;75573;136018
31021;48547;87375
101
102;24;270;170;321
5876;32595;24134;254588;127205
10898;43841;43841;327926;173142
7000;28163;28163;210652;111223
102
103;271;321
4869;118228;184382
9031;152285;237496
5801;97825;152562
103
104;236;272;300;321
1224;33306;144933;131090;281043
2271;51055;186684;168853;362002
1459;32797;119921;108467;232542
104
105;236;272;360;300
26955;63992;173225;46808;166646
49996;82425;223124;60292;214651
32116;52948;143330;38730;137887
105
106;301
517;90966
959;130311
616;83709
106
107;239;301
37490;51688;105599
48290;75573;136018
31021;48547;87375
107
108;30;205;240;362
5876;32595;24134;254588;127205
10898;43841;43841;327926;173142
7000;28163;28163;210652;111223
108
109;206;362
4869;118228;184382
9031;152285;237496
5801;97825;152562
109
110;171;207;362;342
1224;33306;144933;281043;131090
2271;51055;186684;362002;168853
1459;32797;119921;232542;108467
83
84;6;195;230;356
5876;32595;24134;254588;127205
10898;43841;43841;327926;173142
7000;28163;28163;210652;111223
110
111;171;207;322;342
26955;63992;173225;46808;166646
49996;82425;223124;60292;214651
32116;52948;143330;38730;137887
111
112;343
517;90966
959;130311
616;83709
112
113;174;343
37490;51688;105599
48290;75573;136018
31021;48547;87375
113
114;36;275;175;324
5876;32595;24134;254588;127205
10898;43841;43841;327926;173142
7000;28163;28163;210652;111223
114
115;276;324
4869;118228;184382
9031;152285;237496
5801;97825;152562
115
116;241;277;303;324
1224;33306;144933;131090;281043
2271;51055;186684;168853;362002
1459;32797;119921;108467;232542
116
117;241;277;363;303
26955;63992;173225;46808;166646
49996;82425;223124;60292;214651
32116;52948;143330;38730;137887
117
118;304
517;90966
959;130311
616;83709
118
119;244;304
37490;51688;105599
48290;75573;136018
31021;48547;87375
119
120;42;210;245;365
5876;32595;24134;254588;127205
10898;43841;43841;327926;173142
7000;28163;28163;210652;111223
84
85;196;356
4869;118228;184382
9031;152285;237496
5801;97825;152562
120
121;211;365
4869;118228;184382
9031;152285;237496
5801;97825;152562
121
122;176;212;365;345
1224;33306;144933;281043;131090
2271;51055;186684;362002;168853
1459;32797;119921;232542;108467
122
123;176;212;325;345
26955;63992;173225;46808;166646
49996;82425;223124;60292;214651
32116;52948;143330;38730;137887
123
124;346
517;90966
959;130311
616;83709
124
125;179;346
37490;51688;105599
48290;75573;136018
31021;48547;87375
125
126;48;280;180;327
5876;32595;24134;254588;127205
10898;43841;43841;327926;173142
7000;28163;28163;210652;111223
126
127;281;327
4869;118228;184382
9031;152285;237496
5801;97825;152562
127
128;246;282;306;327
1224;33306;144933;131090;281043
2271;51055;186684;168853;362002
1459;32797;119921;108467;232542
128
129;246;282;366;306
26955;63992;173225;46808;166646
49996;82425;223124;60292;214651
32116;52948;143330;38730;137887
129
130;307
517;90966
959;130311
616;83709
85
86;161;197;336;356
1224;33306;144933;131090;281043
2271;51055;186684;168853;362002
1459;32797;119921;108467;232542
130
131;249;307
37490;51688;105599
48290;75573;136018
31021;48547;87375
131
132;54;215;250;368
5876;32595;24134;254588;127205
10898;43841;43841;327926;173142
7000;28163;28163;210652;111223
132
133;216;368
4869;118228;184382
9031;152285;237496
5801;97825;152562
133
134;181;217;348;368
1224;33306;144933;131090;281043
2271;51055;186684;168853;362002
1459;32797;119921;108467;232542
134
135;181;217;328;348
26955;63992;173225;46808;166646
49996;82425;223124;60292;214651
32116;52948;143330;38730;137887
135
136;349
517;90966
959;130311
616;83709
136
137;184;349
37490;51688;105599
48290;75573;136018
31021;48547;87375
137
138;60;285;185;330
5876;32595;24134;254588;127205
10898;43841;43841;327926;173142
7000;28163;28163;210652;111223
138
139;286;330
4869;118228;184382
9031;152285;237496
5801;97825;152562
139
140;251;287;330;309
1224;33306;144933;281043;131090
2271;51055;186684;362002;168853
1459;32797;119921;232542;108467
86
87;161;197;316;336
26955;63992;173225;46808;166646
49996;82425;223124;60292;214651
32116;52948;143330;38730;137887
140
141;251;287;369;309
26955;63992;173225;46808;166646
49996;82425;223124;60292;214651
32116;52948;143330;38730;137887
141
142;310
517;90966
959;130311
616;83709
142
143;254;310
37490;51688;105599
48290;75573;136018
31021;48547;87375
143
144;66;220;255;371
5876;32595;24134;254588;127205
10898;43841;43841;327926;173142
7000;28163;28163;210652;111223
144
145;221;371
4869;118228;184382
9031;152285;237496
5801;97825;152562
145
146;186;222;371;351
1224;33306;144933;281043;131090
2271;51055;186684;362002;168853
1459;32797;119921;232542;108467
146
147;186;222;331;351
26955;63992;173225;46808;166646
49996;82425;223124;60292;214651
32116;52948;143330;38730;137887
147
148;352
517;90966
959;130311
616;83709
148
149;189;352
37490;51688;105599
48290;75573;136018
31021;48547;87375
149
150;72;290;190;333
5876;32595;24134;254588;127205
10898;43841;43841;327926;173142
7000;28163;28163;210652;111223
87
88;337
517;90966
959;130311
616;83709
150
151;291;333
4869;118228;184382
9031;152285;237496
5801;97825;152562
151
152;256;292;333;312
1224;33306;144933;281043;131090
2271;51055;186684;362002;168853
1459;32797;119921;232542;108467
152
153;256;292;372;312
26955;63992;173225;46808;166646
49996;82425;223124;60292;214651
32116;52948;143330;38730;137887
153
154;313
517;90966
959;130311
616;83709
154
155;259;313
37490;51688;105599
48290;75573;136018
31021;48547;87375
155
156;78;225
5876;32595;24134
10898;43841;43841
7000;28163;28163
156
157
4869
9031
5801
157
158;191
1224;33306
2271;51055
1459;32797
158
0;191
0;63992
0;82425
0;52948
88
89;164;337
37490;51688;105599
48290;75573;136018
31021;48547;87375
89
90;12;265;165;318
5876;32595;24134;254588;127205
10898;43841;43841;327926;173142
7000;28163;28163;210652;111223
160
161;6;7;8;195;294
71126;180835;187044;143284;157016;30741
131925;232927;240925;184559;202247;39596
84746;149627;154765;118556;129919;25436
169
170;27;28;236;237;360
30708;166010;127556;99209;51690;79859
56958;213832;164301;127787;76330;102864
36588;137361;105543;82088;49033;66077
170
171;30;31;32;205;300
71126;180835;187044;143284;157016;30741
131925;232927;240925;184559;202247;39596
84746;149627;154765;118556;129919;25436
171
172;34;207;342
517;56787;134730;150714
959;73146;173541;194129
616;46987;111479;124704
172
173;207
517;205949
959;265275
616;170407
173
174;113;343
66791;63543;123932
86032;81847;159632
55265;52577;102544
174
175;40;39;241;242;363
30708;127556;166010;99209;51690;79859
56958;164301;213832;127787;76330;102864
36588;105543;137361;82088;49033;66077
175
176;42;43;44;210;303
71126;180835;187044;143284;157016;30741
131925;232927;240925;184559;202247;39596
84746;149627;154765;118556;129919;25436
176
177;46;212;345
517;56787;134730;150714
959;73146;173541;194129
616;46987;111479;124704
177
178;212
517;205949
959;265275
616;170407
178
179;125;346
66791;63543;123932
86032;81847;159632
55265;52577;102544
161
162;10;197;336
517;56787;134730;150714
959;73146;173541;194129
616;46987;111479;124704
179
180;52;51;246;247;366
30708;127556;166010;99209;51690;79859
56958;164301;213832;127787;76330;102864
36588;105543;137361;82088;49033;66077
180
181;55;54;56;215;306
71126;187044;180835;143284;157016;30741
131925;240925;232927;184559;202247;39596
84746;154765;149627;118556;129919;25436
181
182;58;217;348
517;56787;134730;150714
959;73146;173541;194129
616;46987;111479;124704
182
183;217
517;205949
959;265275
616;170407
183
184;137;349
66791;63543;123932
86032;81847;159632
55265;52577;102544
184
185;63;64;251;252;369
30708;166010;127556;99209;51690;79859
56958;213832;164301;127787;76330;102864
36588;137361;105543;82088;49033;66077
185
186;67;66;68;220;309
71126;187044;180835;143284;157016;30741
131925;240925;232927;184559;202247;39596
84746;154765;149627;118556;129919;25436
186
187;70;222;351
517;56787;134730;150714
959;73146;173541;194129
616;46987;111479;124704
187
188;222
517;205949
959;265275
616;170407
188
189;149;352
66791;63543;123932
86032;81847;159632
55265;52577;102544
162
163;197
517;205949
959;265275
616;170407
189
190;76;75;256;257;372
30708;127556;166010;99209;51690;79859
56958;164301;213832;127787;76330;102864
36588;105543;137361;82088;49033;66077
190
191;78;79;225;312
71126;180835;187044;157016;30741
131925;232927;240925;202247;39596
84746;149627;154765;129919;25436
191
0
0
0
0
163
164;89;337
66791;63543;123932
86032;81847;159632
55265;52577;102544
164
165;16;15;231;232;357
30708;127556;166010;99209;51690;79859
56958;164301;213832;127787;76330;102864
36588;105543;137361;82088;49033;66077
165
166;19;18;20;200;297
71126;187044;180835;143284;157016;30741
131925;240925;232927;184559;202247;39596
84746;154765;149627;118556;129919;25436
166
167;22;202;339
517;56787;134730;150714
959;73146;173541;194129
616;46987;111479;124704
167
168;202
517;205949
959;265275
616;170407
168
169;101;340
66791;63543;123932
86032;81847;159632
55265;52577;102544
193
194;86;230;355
517;56787;134730;150714
959;73146;173541;194129
616;46987;111479;124704
202
203;107;106;108;238;320
71126;187044;180835;143284;157016;30741
131925;240925;232927;184559;202247;39596
84746;154765;149627;118556;129919;25436
203
204;110;240;361
517;56787;134730;150714
959;73146;173541;194129
616;46987;111479;124704
204
205;240
517;205949
959;265275
616;170407
205
206;31;362
66791;63543;123932
86032;81847;159632
55265;52577;102544
206
207;116;115;273;274;302
30708;127556;166010;99209;51690;79859
56958;164301;213832;127787;76330;102864
36588;105543;137361;82088;49033;66077
207
208;118;119;120;243;323
71126;180835;187044;143284;157016;30741
131925;232927;240925;184559;202247;39596
84746;149627;154765;118556;129919;25436
208
209;122;245;364
517;56787;134730;150714
959;73146;173541;194129
616;46987;111479;124704
209
210;245
517;205949
959;265275
616;170407
210
211;43;365
66791;63543;123932
86032;81847;159632
55265;52577;102544
211
212;128;127;278;279;305
30708;127556;166010;99209;51690;79859
56958;164301;213832;127787;76330;102864
36588;105543;137361;82088;49033;66077
194
195;230
517;205949
959;265275
616;170407
212
213;130;131;132;248;326
71126;180835;187044;143284;157016;30741
131925;232927;240925;184559;202247;39596
84746;149627;154765;118556;129919;25436
213
214;134;250;367
517;56787;134730;150714
959;73146;173541;194129
616;46987;111479;124704
214
215;250
517;205949
959;265275
616;170407
215
216;55;368
66791;63543;123932
86032;81847;159632
55265;52577;102544
216
217;139;140;283;284;308
30708;166010;127556;99209;51690;79859
56958;213832;164301;127787;76330;102864
36588;137361;105543;82088;49033;66077
217
218;143;142;144;253;329
71126;187044;180835;143284;157016;30741
131925;240925;232927;184559;202247;39596
84746;154765;149627;118556;129919;25436
218
219;146;255;370
517;56787;134730;150714
959;73146;173541;194129
616;46987;111479;124704
219
220;255
517;205949
959;265275
616;170407
220
221;67;371
66791;63543;123932
86032;81847;159632
55265;52577;102544
221
222;151;152;288;289;311
30708;166010;127556;99209;51690;79859
56958;213832;164301;127787;76330;102864
36588;137361;105543;82088;49033;66077
195
196;7;356
66791;63543;123932
86032;81847;159632
55265;52577;102544
222
223;155;154;156;258;332
71126;187044;180835;143284;157016;30741
131925;240925;232927;184559;202247;39596
84746;154765;149627;118556;129919;25436
223
224;158
517;56787
959;73146
616;46987
224
225
517
959
616
225
0;79
0;63543
0;81847
0;52577
196
197;92;91;263;264;296
30708;127556;166010;99209;51690;79859
56958;164301;213832;127787;76330;102864
36588;105543;137361;82088;49033;66077
197
198;94;95;96;233;317
71126;180835;187044;143284;157016;30741
131925;232927;240925;184559;202247;39596
84746;149627;154765;118556;129919;25436
198
199;98;235;358
517;56787;134730;150714
959;73146;173541;194129
616;46987;111479;124704
199
200;235
517;205949
959;265275
616;170407
200
201;19;359
66791;63543;123932
86032;81847;159632
55265;52577;102544
201
202;104;103;268;269;299
30708;127556;166010;99209;51690;79859
56958;164301;213832;127787;76330;102864
36588;105543;137361;82088;49033;66077
227
228;262
517;205949
959;265275
616;170407
236
237;28;272;300
517;56787;134730;150714
959;73146;173541;194129
616;46987;111479;124704
237
238;272
517;205949
959;265275
616;170407
238
239;107;301
66791;63543;123932
86032;81847;159632
55265;52577;102544
239
240;33;34;171;172;322
30708;166010;127556;99209;51690;79859
56958;213832;164301;127787;76330;102864
36588;137361;105543;82088;49033;66077
240
241;37;36;38;275;342
71126;187044;180835;143284;157016;30741
131925;240925;232927;184559;202247;39596
84746;154765;149627;118556;129919;25436
241
242;40;277;303
517;56787;134730;150714
959;73146;173541;194129
616;46987;111479;124704
242
243;277
517;205949
959;265275
616;170407
243
244;119;304
66791;63543;123932
86032;81847;159632
55265;52577;102544
244
245;46;45;176;177;325
30708;127556;166010;99209;51690;79859
56958;164301;213832;127787;76330;102864
36588;105543;137361;82088;49033;66077
245
246;49;48;50;280;345
71126;187044;180835;143284;157016;30741
131925;240925;232927;184559;202247;39596
84746;154765;149627;118556;129919;25436
228
229;83;295
66791;63543;123932
86032;81847;159632
55265;52577;102544
246
247;52;282;306
517;56787;134730;150714
959;73146;173541;194129
616;46987;111479;124704
247
248;282
517;205949
959;265275
616;170407
248
249;131;307
66791;63543;123932
86032;81847;159632
55265;52577;102544
249
250;57;58;181;182;328
30708;166010;127556;99209;51690;79859
56958;213832;164301;127787;76330;102864
36588;137361;105543;82088;49033;66077
250
251;60;61;62;285;348
71126;180835;187044;143284;157016;30741
131925;232927;240925;184559;202247;39596
84746;149627;154765;118556;129919;25436
251
252;64;287;309
517;56787;134730;150714
959;73146;173541;194129
616;46987;111479;124704
252
253;287
517;205949
959;265275
616;170407
253
254;143;310
66791;63543;123932
86032;81847;159632
55265;52577;102544
254
255;69;70;186;187;331
30708;166010;127556;99209;51690;79859
56958;213832;164301;127787;76330;102864
36588;137361;105543;82088;49033;66077
255
256;72;73;74;290;351
71126;180835;187044;143284;157016;30741
131925;232927;240925;184559;202247;39596
84746;149627;154765;118556;129919;25436
229
230;10;9;161;162;316
30708;127556;166010;99209;51690;79859
56958;164301;213832;127787;76330;102864
36588;105543;137361;82088;49033;66077
256
257;76;292;312
517;56787;134730;150714
959;73146;173541;194129
616;46987;111479;124704
257
258;292
517;205949
959;265275
616;170407
258
259;155;313
66791;63543;123932
86032;81847;159632
55265;52577;102544
259
0;191
0;99209
0;127787
0;82088
230
231;13;12;14;265;336
71126;187044;180835;143284;157016;30741
131925;240925;232927;184559;202247;39596
84746;154765;149627;118556;129919;25436
231
232;16;267;297
517;56787;134730;150714
959;73146;173541;194129
616;46987;111479;124704
232
233;267
517;205949
959;265275
616;170407
233
234;95;298
66791;63543;123932
86032;81847;159632
55265;52577;102544
234
235;22;21;166;167;319
30708;127556;166010;99209;51690;79859
56958;164301;213832;127787;76330;102864
36588;105543;137361;82088;49033;66077
235
236;25;24;26;270;339
71126;187044;180835;143284;157016;30741
131925;240925;232927;184559;202247;39596
84746;154765;149627;118556;129919;25436
261
262;85;86;193;194;335
30708;166010;127556;99209;51690;79859
56958;213832;164301;127787;76330;102864
36588;137361;105543;82088;49033;66077
270
271;25;321
66791;63543;123932
86032;81847;159632
55265;52577;102544
271
272;109;110;203;204;341
30708;166010;127556;99209;51690;79859
56958;213832;164301;127787;76330;102864
36588;137361;105543;82088;49033;66077
272
273;113;112;114;173;361
71126;187044;180835;143284;157016;30741
131925;240925;232927;184559;202247;39596
84746;154765;149627;118556;129919;25436
273
274;116;175;323
517;56787;134730;150714
959;73146;173541;194129
616;46987;111479;124704
274
275;175
517;205949
959;265275
616;170407
275
276;37;324
66791;63543;123932
86032;81847;159632
55265;52577;102544
276
277;121;122;208;209;344
30708;166010;127556;99209;51690;79859
56958;213832;164301;127787;76330;102864
36588;137361;105543;82088;49033;66077
277
278;125;124;126;178;364
71126;187044;180835;143284;157016;30741
131925;240925;232927;184559;202247;39596
84746;154765;149627;118556;129919;25436
278
279;128;180;326
517;56787;134730;150714
959;73146;173541;194129
616;46987;111479;124704
279
280;180
517;205949
959;265275
616;170407
262
263;88;89;90;163;355
71126;180835;187044;143284;157016;30741
131925;232927;240925;184559;202247;39596
84746;149627;154765;118556;129919;25436
280
281;49;327
66791;63543;123932
86032;81847;159632
55265;52577;102544
281
282;133;134;213;214;347
30708;166010;127556;99209;51690;79859
56958;213832;164301;127787;76330;102864
36588;137361;105543;82088;49033;66077
282
283;136;137;138;183;367
71126;180835;187044;143284;157016;30741
131925;232927;240925;184559;202247;39596
84746;149627;154765;118556;129919;25436
283
284;140;185;329
517;56787;134730;150714
959;73146;173541;194129
616;46987;111479;124704
284
285;185
517;205949
959;265275
616;170407
285
286;61;330
66791;63543;123932
86032;81847;159632
55265;52577;102544
286
287;146;145;218;219;350
30708;127556;166010;99209;51690;79859
56958;164301;213832;127787;76330;102864
36588;105543;137361;82088;49033;66077
287
288;148;149;150;188;370
71126;180835;187044;143284;157016;30741
131925;232927;240925;184559;202247;39596
84746;149627;154765;118556;129919;25436
288
289;152;190;332
517;56787;134730;150714
959;73146;173541;194129
616;46987;111479;124704
289
290;190
517;205949
959;265275
616;170407
263
264;92;165;317
517;56787;134730;150714
959;73146;173541;194129
616;46987;111479;124704
290
291;73;333
66791;63543;123932
86032;81847;159632
55265;52577;102544
291
292;158;157;223;224;353
30708;127556;166010;99209;51690;79859
56958;164301;213832;127787;76330;102864
36588;105543;137361;82088;49033;66077
292
0
0
0
0
264
265;165
517;205949
959;265275
616;170407
265
266;13;318
66791;63543;123932
86032;81847;159632
55265;52577;102544
266
267;97;98;198;199;338
30708;166010;127556;99209;51690;79859
56958;213832;164301;127787;76330;102864
36588;137361;105543;82088;49033;66077
267
268;100;101;102;168;358
71126;180835;187044;143284;157016;30741
131925;232927;240925;184559;202247;39596
84746;149627;154765;118556;129919;25436
268
269;104;170;320
517;56787;134730;150714
959;73146;173541;194129
616;46987;111479;124704
269
270;170
517;205949
959;265275
616;170407
294
295;87;10;9;161;162;316
18822;80675;160143;202136;150714;86959;126106
34911;103915;206275;260364;194129;112009;162433
22426;66753;132506;167252;124704;71952;104343
303
304;123;46;45;176;177;325
18822;80675;160143;202136;150714;86959;126106
34911;103915;206275;260364;194129;112009;162433
22426;66753;132506;167252;124704;71952;104343
304
305;128;127;47;278;279
145827;201930;243302;105285;165794;111538
187834;260099;313388;135613;213553;143668
120661;167082;201313;87115;137182;92289
305
306;49;281;327
53746;33495;48714;101651
99688;43841;75573;130933
64038;28163;48547;84109
306
307;57;58;135;181;182;328
18822;202136;160143;80675;150714;86959;126106
34911;260364;206275;103915;194129;112009;162433
22426;167252;132506;66753;124704;71952;104343
307
308;139;140;59;283;284
145827;243302;201930;105285;165794;111538
187834;313388;260099;135613;213553;143668
120661;201313;167082;87115;137182;92289
308
309;61;286;330
53746;33495;48714;101651
99688;43841;75573;130933
64038;28163;48547;84109
309
310;147;69;70;186;187;331
18822;80675;202136;160143;150714;86959;126106
34911;103915;260364;206275;194129;112009;162433
22426;66753;167252;132506;124704;71952;104343
310
311;151;152;71;288;289
145827;243302;201930;105285;165794;111538
187834;313388;260099;135613;213553;143668
120661;201313;167082;87115;137182;92289
311
312;73;291;333
53746;33495;48714;101651
99688;43841;75573;130933
64038;28163;48547;84109
312
313;191
18822;150714
34911;194129
22426;124704
295
296;92;91;11;263;264
145827;201930;243302;105285;165794;111538
187834;260099;313388;135613;213553;143668
120661;167082;201313;87115;137182;92289
313
0
0
0
0
296
297;13;266;318
53746;33495;48714;101651
99688;43841;75573;130933
64038;28163;48547;84109
297
298;99;22;21;166;167;319
18822;80675;160143;202136;150714;86959;126106
34911;103915;206275;260364;194129;112009;162433
22426;66753;132506;167252;124704;71952;104343
298
299;104;103;23;268;269
145827;201930;243302;105285;165794;111538
187834;260099;313388;135613;213553;143668
120661;167082;201313;87115;137182;92289
299
300;25;271;321
53746;33495;48714;101651
99688;43841;75573;130933
64038;28163;48547;84109
300
301;33;34;111;171;172;322
18822;202136;160143;80675;150714;86959;126106
34911;260364;206275;103915;194129;112009;162433
22426;167252;132506;66753;124704;71952;104343
301
302;35;116;115;273;274
145827;105285;201930;243302;165794;111538
187834;135613;260099;313388;213553;143668
120661;87115;167082;201313;137182;92289
302
303;37;276;324
53746;33495;48714;101651
99688;43841;75573;130933
64038;28163;48547;84109
315
316;87;10;9;161;162
145827;105285;201930;243302;165794;111538
187834;135613;260099;313388;213553;143668
120661;87115;167082;201313;137182;92289
324
325;123;46;45;176;177
145827;105285;201930;243302;165794;111538
187834;135613;260099;313388;213553;143668
120661;87115;167082;201313;137182;92289
325
326;125;179;346
53746;33495;48714;101651
99688;43841;75573;130933
64038;28163;48547;84109
326
327;133;134;53;213;214;347
18822;202136;160143;80675;150714;86959;126106
34911;260364;206275;103915;194129;112009;162433
22426;167252;132506;66753;124704;71952;104343
327
328;57;58;135;181;182
145827;243302;201930;105285;165794;111538
187834;313388;260099;135613;213553;143668
120661;201313;167082;87115;137182;92289
328
329;137;184;349
53746;33495;48714;101651
99688;43841;75573;130933
64038;28163;48547;84109
329
330;146;145;65;218;219;350
18822;160143;202136;80675;150714;86959;126106
34911;206275;260364;103915;194129;112009;162433
22426;132506;167252;66753;124704;71952;104343
330
331;147;69;70;186;187
145827;105285;243302;201930;165794;111538
187834;135613;313388;260099;213553;143668
120661;87115;201313;167082;137182;92289
331
332;149;189;352
53746;33495;48714;101651
99688;43841;75573;130933
64038;28163;48547;84109
332
333;77;158;157;223;224;353
18822;80675;160143;202136;150714;86959;126106
34911;103915;206275;260364;194129;112009;162433
22426;66753;132506;167252;124704;71952;104343
333
0;191
0;165794
0;213553
0;137182
316
317;89;164;337
53746;33495;48714;101651
99688;43841;75573;130933
64038;28163;48547;84109
317
318;97;17;98;198;199;338
18822;202136;80675;160143;150714;86959;126106
34911;260364;103915;206275;194129;112009;162433
22426;167252;66753;132506;124704;71952;104343
318
319;99;22;21;166;167
145827;105285;201930;243302;165794;111538
187834;135613;260099;313388;213553;143668
120661;87115;167082;201313;137182;92289
319
320;101;169;340
53746;33495;48714;101651
99688;43841;75573;130933
64038;28163;48547;84109
320
321;29;109;110;203;204;341
18822;80675;202136;160143;150714;86959;126106
34911;103915;260364;206275;194129;112009;162433
22426;66753;167252;132506;124704;71952;104343
321
322;33;34;111;171;172
145827;243302;201930;105285;165794;111538
187834;313388;260099;135613;213553;143668
120661;201313;167082;87115;137182;92289
322
323;113;174;343
53746;33495;48714;101651
99688;43841;75573;130933
64038;28163;48547;84109
323
324;41;121;122;208;209;344
18822;80675;202136;160143;150714;86959;126106
34911;103915;260364;206275;194129;112009;162433
22426;66753;167252;132506;124704;71952;104343
335
336;7;196;356
53746;33495;48714;101651
99688;43841;75573;130933
64038;28163;48547;84109
344
345;43;211;365
53746;33495;48714;101651
99688;43841;75573;130933
64038;28163;48547;84109
345
346;52;129;51;246;247;366
18822;160143;80675;202136;150714;86959;126106
34911;206275;103915;260364;194129;112009;162433
22426;132506;66753;167252;124704;71952;104343
346
347;133;134;53;213;214
145827;243302;201930;105285;165794;111538
187834;313388;260099;135613;213553;143668
120661;201313;167082;87115;137182;92289
347
348;55;216;368
53746;33495;48714;101651
99688;43841;75573;130933
64038;28163;48547;84109
348
349;63;64;141;251;252;369
18822;202136;160143;80675;150714;86959;126106
34911;260364;206275;103915;194129;112009;162433
22426;167252;132506;66753;124704;71952;104343
349
350;146;145;65;218;219
145827;201930;243302;105285;165794;111538
187834;260099;313388;135613;213553;143668
120661;167082;201313;87115;137182;92289
350
351;67;221;371
53746;33495;48714;101651
99688;43841;75573;130933
64038;28163;48547;84109
351
352;153;76;75;256;257;372
18822;80675;160143;202136;150714;86959;126106
34911;103915;206275;260364;194129;112009;162433
22426;66753;132506;167252;124704;71952;104343
352
353;77;158;157;223;224
145827;105285;201930;243302;165794;111538
187834;135613;260099;313388;213553;143668
120661;87115;167082;201313;137182;92289
353
0;79
0;33495
0;43841
0;28163
336
337;93;16;15;231;232;357
18822;80675;160143;202136;150714;86959;126106
34911;103915;206275;260364;194129;112009;162433
22426;66753;132506;167252;124704;71952;104343
337
338;97;17;98;198;199
145827;243302;105285;201930;165794;111538
187834;313388;135613;260099;213553;143668
120661;201313;87115;167082;137182;92289
338
339;19;201;359
53746;33495;48714;101651
99688;43841;75573;130933
64038;28163;48547;84109
339
340;105;27;28;236;237;360
18822;80675;202136;160143;150714;86959;126106
34911;103915;260364;206275;194129;112009;162433
22426;66753;167252;132506;124704;71952;104343
340
341;29;109;110;203;204
145827;105285;243302;201930;165794;111538
187834;135613;313388;260099;213553;143668
120661;87115;201313;167082;137182;92289
341
342;31;206;362
53746;33495;48714;101651
99688;43841;75573;130933
64038;28163;48547;84109
342
343;40;117;39;241;242;363
18822;160143;80675;202136;150714;86959;126106
34911;206275;103915;260364;194129;112009;162433
22426;132506;66753;167252;124704;71952;104343
343
344;41;121;122;208;209
145827;105285;243302;201930;165794;111538
187834;135613;313388;260099;213553;143668
120661;87115;201313;167082;137182;92289
355
356;92;91;11;263;264;296
18822;160143;202136;80675;150714;86959;126106
34911;206275;260364;103915;194129;112009;162433
22426;132506;167252;66753;124704;71952;104343
364
365;128;127;47;278;279;305
18822;160143;202136;80675;150714;86959;126106
34911;206275;260364;103915;194129;112009;162433
22426;132506;167252;66753;124704;71952;104343
365
366;52;129;51;246;247
145827;201930;105285;243302;165794;111538
187834;260099;135613;313388;213553;143668
120661;167082;87115;201313;137182;92289
366
367;131;249;307
53746;33495;48714;101651
99688;43841;75573;130933
64038;28163;48547;84109
367
368;139;140;59;283;284;308
18822;202136;160143;80675;150714;86959;126106
34911;260364;206275;103915;194129;112009;162433
22426;167252;132506;66753;124704;71952;104343
368
369;63;64;141;251;252
145827;243302;201930;105285;165794;111538
187834;313388;260099;135613;213553;143668
120661;201313;167082;87115;137182;92289
369
370;143;254;310
53746;33495;48714;101651
99688;43841;75573;130933
64038;28163;48547;84109
370
371;151;152;71;288;289;311
18822;202136;160143;80675;150714;86959;126106
34911;260364;206275;103915;194129;112009;162433
22426;167252;132506;66753;124704;71952;104343
371
372;153;76;75;256;257
145827;105285;201930;243302;165794;111538
187834;135613;260099;313388;213553;143668
120661;87115;167082;201313;137182;92289
372
0;155;259;313
0;33495;48714;101651
0;43841;75573;130933
0;28163;48547;84109
356
357;93;16;15;231;232
145827;105285;201930;243302;165794;111538
187834;135613;260099;313388;213553;143668
120661;87115;167082;201313;137182;92289
357
358;95;234;298
53746;33495;48714;101651
99688;43841;75573;130933
64038;28163;48547;84109
358
359;104;103;23;268;269;299
18822;160143;202136;80675;150714;86959;126106
34911;206275;260364;103915;194129;112009;162433
22426;132506;167252;66753;124704;71952;104343
359
360;105;27;28;236;237
145827;105285;243302;201930;165794;111538
187834;135613;313388;260099;213553;143668
120661;87115;201313;167082;137182;92289
360
361;107;239;301
53746;33495;48714;101651
99688;43841;75573;130933
64038;28163;48547;84109
361
362;35;116;115;273;274;302
18822;80675;160143;202136;150714;86959;126106
34911;103915;206275;260364;194129;112009;162433
22426;66753;132506;167252;124704;71952;104343
362
363;40;117;39;241;242
145827;201930;105285;243302;165794;111538
187834;260099;135613;313388;213553;143668
120661;167082;87115;201313;137182;92289
363
364;119;244;304
53746;33495;48714;101651
99688;43841;75573;130933
64038;28163;48547;84109
1
2
0
0
0
80
81
0
0
0
159
160
0
0
0
192
193
0
0
0
226
227
0
0
0
260
261
0
0
0
293
294
0
0
0
314
315
0
0
0
334
335
0
0
0
354
355
0
0
0
Transshipment arcs;351
2
84
11
232;93
12
265;231;357;94;233
13
95
14
96
15
97
16
98
17
167;99
18
200;166;319;100;168
19
101
20
102
3
85
21
103
22
104
23
237;105
24
270;236;360;106;238
25
107
26
108
27
109
28
110
29
172;111
30
205;171;322;112;173
4
86
31
113
32
114
33
115
34
116
35
242;117
36
275;241;363;118;243
37
119
38
120
39
121
40
122
5
162;87
41
177;123
42
210;176;325;124;178
43
125
44
126
45
127
46
128
47
247;129
48
280;246;366;130;248
49
131
50
132
6
195;161;316;88;163
51
133
52
134
53
182;135
54
215;181;328;136;183
55
137
56
138
57
139
58
140
59
252;141
60
285;251;369;142;253
7
89
61
143
62
144
63
145
64
146
65
187;147
66
220;186;331;148;188
67
149
68
150
69
151
70
152
8
90
71
257;153
72
290;256;372;154;258
73
155
74
156
75
157
76
158
78
225;191
9
91
10
92
81
194;5
90
14
91
15
92
16
93
199;17
94
233;198;338;18;200
95
19
96
20
97
21
98
22
99
269;23
82
228;193;335;6;195
100
168;268;299;24;270
101
25
102
26
103
27
104
28
105
204;29
106
238;203;341;30;205
107
31
108
32
109
33
83
7
110
34
111
274;35
112
173;273;302;36;275
113
37
114
38
115
39
116
40
117
209;41
118
243;208;344;42;210
119
43
84
8
120
44
121
45
122
46
123
279;47
124
178;278;305;48;280
125
49
126
50
127
51
128
52
129
214;53
85
9
130
248;213;347;54;215
131
55
132
56
133
57
134
58
135
284;59
136
183;283;308;60;285
137
61
138
62
139
63
86
10
140
64
141
219;65
142
253;218;350;66;220
143
67
144
68
145
69
146
70
147
289;71
148
188;288;311;72;290
149
73
87
264;11
150
74
151
75
152
76
153
224;77
154
258;223;353;78;225
155
79
88
163;263;296;12;265
89
13
160
262
169
271
170
272
171
112;173;273;302
172
274;35
173
273;302;36;275
174
276
175
277
176
124;178;278;305
177
279;47
178
278;305;48;280
161
88;163;263;296
179
281
180
282
181
136;183;283;308
182
284;59
183
283;308;60;285
184
286
185
287
186
148;188;288;311
187
289;71
188
288;311;72;290
162
264;11
189
291
190
292
163
263;296;12;265
164
266
165
267
166
100;168;268;299
167
269;23
168
268;299;24;270
193
6;195;161;316
202
170
203
30;205;171;322
204
172;111
205
171;322;112;173
206
174
207
175
208
42;210;176;325
209
177;123
210
176;325;124;178
211
179
194
162;87
212
180
213
54;215;181;328
214
182;135
215
181;328;136;183
216
184
217
185
218
66;220;186;331
219
187;147
220
186;331;148;188
221
189
195
161;316;88;163
222
190
223
78;225;191
225
191
196
164
197
165
198
18;200;166;319
199
167;99
200
166;319;100;168
201
169
227
194;5
236
106;238;203;341
237
204;29
238
203;341;30;205
239
206
240
207
241
118;243;208;344
242
209;41
243
208;344;42;210
244
211
245
212
228
193;335;6;195
246
130;248;213;347
247
214;53
248
213;347;54;215
249
216
250
217
251
142;253;218;350
252
219;65
253
218;350;66;220
254
221
255
222
229
196
256
154;258;223;353
257
224;77
258
223;353;78;225
230
197
231
94;233;198;338
232
199;17
233
198;338;18;200
234
201
235
202
261
229
270
236;360;106;238
271
239
272
240
273
36;275;241;363
274
242;117
275
241;363;118;243
276
244
277
245
278
48;280;246;366
279
247;129
262
230
280
246;366;130;248
281
249
282
250
283
60;285;251;369
284
252;141
285
251;369;142;253
286
254
287
255
288
72;290;256;372
289
257;153
263
12;265;231;357
290
256;372;154;258
291
259
264
232;93
265
231;357;94;233
266
234
267
235
268
24;270;236;360
269
237;105
294
355
303
364
304
365
305
280;246;366;130
306
367
307
368
308
285;251;369;142
309
370
310
371
311
290;256;372;154
295
356
296
265;231;357;94
297
358
298
359
299
270;236;360;106
300
361
301
362
302
275;241;363;118
315
295
324
304
325
178;278;305;48
326
306
327
307
328
183;283;308;60
329
309
330
310
331
188;288;311;72
332
312
333
313
316
163;263;296;12
317
297
318
298
319
168;268;299;24
320
300
321
301
322
173;273;302;36
323
303
335
195;161;316;88
344
210;176;325;124
345
326
346
327
347
215;181;328;136
348
329
349
330
350
220;186;331;148
351
332
352
333
353
225;191
336
317
337
318
338
200;166;319;100
339
320
340
321
341
205;171;322;112
342
323
343
324
355
336
364
345
365
346
366
248;213;347;54
367
348
368
349
369
253;218;350;66
370
351
371
352
372
258;223;353;78
356
337
357
233;198;338;18
358
339
359
340
360
238;203;341;30
361
342
362
343
363
243;208;344;42
