Sailing arcs;368
2
3;134;282;327
2340;11108;20369;75319
1857;8819;16170;59793
11
12;13;141;140;286
19771;12131;6283;12927;91458
15696;9631;4988;10263;72606
101
102;103;213;212;316
19771;12131;6283;12927;91458
15696;9631;4988;10263;72606
102
103;214;359;272
2340;11108;20369;75319
1857;8819;16170;59793
103
104;215;272
2149;12131;103373
1706;9631;82065
104
105;360;272;273
13066;11152;143125;55867
10373;8853;113623;44352
105
106;273
5242;57322
4161;45507
106
107;108;216;217;273
19771;12131;12927;6283;91458
15696;9631;10263;4988;72606
107
108;218;317;362
2340;11108;20369;75319
1857;8819;16170;59793
108
109;219;362
2149;12131;103373
1706;9631;82065
109
110;318;362;363
13066;11152;143125;55867
10373;8853;113623;44352
110
111;363
5242;57322
4161;45507
12
13;142;329;242
2340;11108;20369;75319
1857;8819;16170;59793
111
112;113;220;221;363
19771;12131;12927;6283;91458
15696;9631;10263;4988;72606
112
113;222;274;320
2340;11108;20369;75319
1857;8819;16170;59793
113
114;223;320
2149;12131;103373
1706;9631;82065
114
115;275;320;321
13066;11152;143125;55867
10373;8853;113623;44352
115
116;321
5242;57322
4161;45507
116
117;118;224;225;321
19771;12131;12927;6283;91458
15696;9631;10263;4988;72606
117
118;226;364;277
2340;11108;20369;75319
1857;8819;16170;59793
118
119;227;277
2149;12131;103373
1706;9631;82065
119
120;365;277;278
13066;11152;143125;55867
10373;8853;113623;44352
120
121;278
5242;57322
4161;45507
13
14;143;242
2149;12131;103373
1706;9631;82065
121
122;123;229;228;278
19771;12131;6283;12927;91458
15696;9631;4988;10263;72606
122
123;230;322;367
2340;11108;20369;75319
1857;8819;16170;59793
123
124;231;367
2149;12131;103373
1706;9631;82065
124
125;323;368;367
13066;11152;55867;143125
10373;8853;44352;113623
125
126;368
5242;57322
4161;45507
126
127;128;232;233;368
19771;12131;12927;6283;91458
15696;9631;10263;4988;72606
127
128;234;279
2340;11108;20369
1857;8819;16170
128
129;235
2149;12131
1706;9631
129
130;280
13066;11152
10373;8853
130
0
0
0
14
15;330;242;243
13066;11152;143125;55867
10373;8853;113623;44352
15
16;243
5242;57322
4161;45507
16
17;18;144;145;243
19771;12131;12927;6283;91458
15696;9631;10263;4988;72606
17
18;146;287;332
2340;11108;20369;75319
1857;8819;16170;59793
18
19;147;332
2149;12131;103373
1706;9631;82065
19
20;288;332;333
13066;11152;143125;55867
10373;8853;113623;44352
20
21;333
5242;57322
4161;45507
3
4;135;327
2149;12131;103373
1706;9631;82065
21
22;23;148;149;333
19771;12131;12927;6283;91458
15696;9631;10263;4988;72606
22
23;150;244;290
2340;11108;20369;75319
1857;8819;16170;59793
23
24;151;290
2149;12131;103373
1706;9631;82065
24
25;245;290;291
13066;11152;143125;55867
10373;8853;113623;44352
25
26;291
5242;57322
4161;45507
26
27;28;152;153;291
19771;12131;12927;6283;91458
15696;9631;10263;4988;72606
27
28;154;334;247
2340;11108;20369;75319
1857;8819;16170;59793
28
29;155;247
2149;12131;103373
1706;9631;82065
29
30;335;247;248
13066;11152;143125;55867
10373;8853;113623;44352
30
31;248
5242;57322
4161;45507
4
5;283;327;328
13066;11152;143125;55867
10373;8853;113623;44352
31
32;33;157;156;248
19771;12131;6283;12927;91458
15696;9631;4988;10263;72606
32
33;158;292;337
2340;11108;20369;75319
1857;8819;16170;59793
33
34;159;337
2149;12131;103373
1706;9631;82065
34
35;293;337;338
13066;11152;143125;55867
10373;8853;113623;44352
35
36;338
5242;57322
4161;45507
36
37;38;161;160;338
19771;12131;6283;12927;91458
15696;9631;4988;10263;72606
37
38;162;249;295
2340;11108;20369;75319
1857;8819;16170;59793
38
39;163;295
2149;12131;103373
1706;9631;82065
39
40;250;295;296
13066;11152;143125;55867
10373;8853;113623;44352
40
41;296
5242;57322
4161;45507
5
6;328
5242;57322
4161;45507
41
42;43;165;164;296
19771;12131;6283;12927;91458
15696;9631;4988;10263;72606
42
43;166;339;252
2340;11108;20369;75319
1857;8819;16170;59793
43
44;167;252
2149;12131;103373
1706;9631;82065
44
45;340;252;253
13066;11152;143125;55867
10373;8853;113623;44352
45
46;253
5242;57322
4161;45507
46
47;48;169;168;253
19771;12131;6283;12927;91458
15696;9631;4988;10263;72606
47
48;170;297;342
2340;11108;20369;75319
1857;8819;16170;59793
48
49;171;342
2149;12131;103373
1706;9631;82065
49
50;298;342;343
13066;11152;143125;55867
10373;8853;113623;44352
50
51;343
5242;57322
4161;45507
6
7;8;136;137;328
19771;12131;12927;6283;91458
15696;9631;10263;4988;72606
51
52;53;172;173;343
19771;12131;12927;6283;91458
15696;9631;10263;4988;72606
52
53;174;254;300
2340;11108;20369;75319
1857;8819;16170;59793
53
54;175;300
2149;12131;103373
1706;9631;82065
54
55;255;300;301
13066;11152;143125;55867
10373;8853;113623;44352
55
56;301
5242;57322
4161;45507
56
57;58;177;176;301
19771;12131;6283;12927;91458
15696;9631;4988;10263;72606
57
58;178;344;257
2340;11108;20369;75319
1857;8819;16170;59793
58
59;179;257
2149;12131;103373
1706;9631;82065
59
60;345;257;258
13066;11152;143125;55867
10373;8853;113623;44352
60
61;258
5242;57322
4161;45507
7
8;138;239;285
2340;11108;20369;75319
1857;8819;16170;59793
61
62;63;181;180;258
19771;12131;6283;12927;91458
15696;9631;4988;10263;72606
62
63;182;302;347
2340;11108;20369;75319
1857;8819;16170;59793
63
64;183;347
2149;12131;103373
1706;9631;82065
64
65;303;347;348
13066;11152;143125;55867
10373;8853;113623;44352
65
66;348
5242;57322
4161;45507
66
67;68;185;184;348
19771;12131;6283;12927;91458
15696;9631;4988;10263;72606
67
68;186;259;305
2340;11108;20369;75319
1857;8819;16170;59793
68
69;187;305
2149;12131;103373
1706;9631;82065
69
70;260;305;306
13066;11152;143125;55867
10373;8853;113623;44352
70
71;306
5242;57322
4161;45507
8
9;139;285
2149;12131;103373
1706;9631;82065
71
72;73;188;189;306
19771;12131;12927;6283;91458
15696;9631;10263;4988;72606
72
73;190;349;262
2340;11108;20369;75319
1857;8819;16170;59793
73
74;191;262
2149;12131;103373
1706;9631;82065
74
75;350;262;263
13066;11152;143125;55867
10373;8853;113623;44352
75
76;263
5242;57322
4161;45507
76
77;78;193;192;263
19771;12131;6283;12927;91458
15696;9631;4988;10263;72606
77
78;194;307;352
2340;11108;20369;75319
1857;8819;16170;59793
78
79;195;352
2149;12131;103373
1706;9631;82065
79
80;308;352;353
13066;11152;143125;55867
10373;8853;113623;44352
80
81;353
5242;57322
4161;45507
9
10;240;286;285
13066;11152;55867;143125
10373;8853;44352;113623
81
82;83;197;196;353
19771;12131;6283;12927;91458
15696;9631;4988;10263;72606
82
83;198;264;310
2340;11108;20369;75319
1857;8819;16170;59793
83
84;199;310
2149;12131;103373
1706;9631;82065
84
85;265;310;311
13066;11152;143125;55867
10373;8853;113623;44352
85
86;311
5242;57322
4161;45507
86
87;88;201;200;311
19771;12131;6283;12927;91458
15696;9631;4988;10263;72606
87
88;202;354;267
2340;11108;20369;75319
1857;8819;16170;59793
88
89;203;267
2149;12131;103373
1706;9631;82065
89
90;355;267;268
13066;11152;143125;55867
10373;8853;113623;44352
90
91;268
5242;57322
4161;45507
10
11;286
5242;57322
4161;45507
91
92;93;205;204;268
19771;12131;6283;12927;91458
15696;9631;4988;10263;72606
92
93;206;312;357
2340;11108;20369;75319
1857;8819;16170;59793
93
94;207;357
2149;12131;103373
1706;9631;82065
94
95;313;357;358
13066;11152;143125;55867
10373;8853;113623;44352
95
96;358
5242;57322
4161;45507
96
97;98;208;209;358
19771;12131;12927;6283;91458
15696;9631;10263;4988;72606
97
98;210;269;315
2340;11108;20369;75319
1857;8819;16170;59793
98
99;211;315
2149;12131;103373
1706;9631;82065
99
100;270;315;316
13066;11152;143125;55867
10373;8853;113623;44352
100
101;316
5242;57322
4161;45507
132
133;134;3;326;327
1333;4108;7616;16317;50465
1059;3261;6046;12954;40063
141
142;329;242
4183;16266;62945
3321;12913;49970
231
232;127;368
6256;11914;73218
4967;9458;58125
232
233;234;128;324
1333;4108;7616;16317
1059;3261;6046;12954
233
234;279
4183;16266
3321;12913
234
235;130
22253;10255
17666;8141
235
0
0
0
142
143;15;242
22253;10255;125902
17666;8141;99950
143
144;17;243
6256;11914;73218
4967;9458;58125
144
145;146;18;331;332
1333;4108;7616;16317;50465
1059;3261;6046;12954;40063
145
146;287;332
4183;16266;62945
3321;12913;49970
146
147;20;332
22253;10255;125902
17666;8141;99950
147
148;22;333
6256;11914;73218
4967;9458;58125
148
149;150;23;289;290
1333;4108;7616;16317;50465
1059;3261;6046;12954;40063
149
150;244;290
4183;16266;62945
3321;12913;49970
150
151;25;290
22253;10255;125902
17666;8141;99950
133
134;282;327
4183;16266;62945
3321;12913;49970
151
152;27;291
6256;11914;73218
4967;9458;58125
152
153;154;28;246;247
1333;4108;7616;16317;50465
1059;3261;6046;12954;40063
153
154;334;247
4183;16266;62945
3321;12913;49970
154
155;30;247
22253;10255;125902
17666;8141;99950
155
156;32;248
6256;11914;73218
4967;9458;58125
156
157;158;33;336;337
1333;4108;7616;16317;50465
1059;3261;6046;12954;40063
157
158;292;337
4183;16266;62945
3321;12913;49970
158
159;35;337
22253;10255;125902
17666;8141;99950
159
160;37;338
6256;11914;73218
4967;9458;58125
160
161;162;38;294;295
1333;4108;7616;16317;50465
1059;3261;6046;12954;40063
134
135;5;327
22253;10255;125902
17666;8141;99950
161
162;249;295
4183;16266;62945
3321;12913;49970
162
163;40;295
22253;10255;125902
17666;8141;99950
163
164;42;296
6256;11914;73218
4967;9458;58125
164
165;166;43;251;252
1333;4108;7616;16317;50465
1059;3261;6046;12954;40063
165
166;339;252
4183;16266;62945
3321;12913;49970
166
167;45;252
22253;10255;125902
17666;8141;99950
167
168;47;253
6256;11914;73218
4967;9458;58125
168
169;170;48;341;342
1333;4108;7616;16317;50465
1059;3261;6046;12954;40063
169
170;297;342
4183;16266;62945
3321;12913;49970
170
171;50;342
22253;10255;125902
17666;8141;99950
135
136;7;328
6256;11914;73218
4967;9458;58125
171
172;52;343
6256;11914;73218
4967;9458;58125
172
173;174;53;299;300
1333;4108;7616;16317;50465
1059;3261;6046;12954;40063
173
174;254;300
4183;16266;62945
3321;12913;49970
174
175;55;300
22253;10255;125902
17666;8141;99950
175
176;57;301
6256;11914;73218
4967;9458;58125
176
177;178;58;256;257
1333;4108;7616;16317;50465
1059;3261;6046;12954;40063
177
178;344;257
4183;16266;62945
3321;12913;49970
178
179;60;257
22253;10255;125902
17666;8141;99950
179
180;62;258
6256;11914;73218
4967;9458;58125
180
181;182;63;346;347
1333;4108;7616;16317;50465
1059;3261;6046;12954;40063
136
137;138;8;284;285
1333;4108;7616;16317;50465
1059;3261;6046;12954;40063
181
182;302;347
4183;16266;62945
3321;12913;49970
182
183;65;347
22253;10255;125902
17666;8141;99950
183
184;67;348
6256;11914;73218
4967;9458;58125
184
185;186;68;304;305
1333;4108;7616;16317;50465
1059;3261;6046;12954;40063
185
186;259;305
4183;16266;62945
3321;12913;49970
186
187;70;305
22253;10255;125902
17666;8141;99950
187
188;72;306
6256;11914;73218
4967;9458;58125
188
189;190;73;261;262
1333;4108;7616;16317;50465
1059;3261;6046;12954;40063
189
190;349;262
4183;16266;62945
3321;12913;49970
190
191;75;262
22253;10255;125902
17666;8141;99950
137
138;239;285
4183;16266;62945
3321;12913;49970
191
192;77;263
6256;11914;73218
4967;9458;58125
192
193;194;78;351;352
1333;4108;7616;16317;50465
1059;3261;6046;12954;40063
193
194;307;352
4183;16266;62945
3321;12913;49970
194
195;80;352
22253;10255;125902
17666;8141;99950
195
196;82;353
6256;11914;73218
4967;9458;58125
196
197;198;83;309;310
1333;4108;7616;16317;50465
1059;3261;6046;12954;40063
197
198;264;310
4183;16266;62945
3321;12913;49970
198
199;85;310
22253;10255;125902
17666;8141;99950
199
200;87;311
6256;11914;73218
4967;9458;58125
200
201;202;88;266;267
1333;4108;7616;16317;50465
1059;3261;6046;12954;40063
138
139;10;285
22253;10255;125902
17666;8141;99950
201
202;354;267
4183;16266;62945
3321;12913;49970
202
203;90;267
22253;10255;125902
17666;8141;99950
203
204;92;268
6256;11914;73218
4967;9458;58125
204
205;206;93;356;357
1333;4108;7616;16317;50465
1059;3261;6046;12954;40063
205
206;312;357
4183;16266;62945
3321;12913;49970
206
207;95;357
22253;10255;125902
17666;8141;99950
207
208;97;358
6256;11914;73218
4967;9458;58125
208
209;210;98;314;315
1333;4108;7616;16317;50465
1059;3261;6046;12954;40063
209
210;269;315
4183;16266;62945
3321;12913;49970
210
211;100;315
22253;10255;125902
17666;8141;99950
139
140;12;286
6256;11914;73218
4967;9458;58125
211
212;102;316
6256;11914;73218
4967;9458;58125
212
213;214;103;271;272
1333;4108;7616;16317;50465
1059;3261;6046;12954;40063
213
214;359;272
4183;16266;62945
3321;12913;49970
214
215;105;272
22253;10255;125902
17666;8141;99950
215
216;107;273
6256;11914;73218
4967;9458;58125
216
217;218;108;361;362
1333;4108;7616;16317;50465
1059;3261;6046;12954;40063
217
218;317;362
4183;16266;62945
3321;12913;49970
218
219;110;362
22253;10255;125902
17666;8141;99950
219
220;112;363
6256;11914;73218
4967;9458;58125
220
221;222;113;319;320
1333;4108;7616;16317;50465
1059;3261;6046;12954;40063
140
141;142;13;241;242
1333;4108;7616;16317;50465
1059;3261;6046;12954;40063
221
222;274;320
4183;16266;62945
3321;12913;49970
222
223;115;320
22253;10255;125902
17666;8141;99950
223
224;117;321
6256;11914;73218
4967;9458;58125
224
225;226;118;276;277
1333;4108;7616;16317;50465
1059;3261;6046;12954;40063
225
226;364;277
4183;16266;62945
3321;12913;49970
226
227;120;277
22253;10255;125902
17666;8141;99950
227
228;122;278
6256;11914;73218
4967;9458;58125
228
229;230;123;366;367
1333;4108;7616;16317;50465
1059;3261;6046;12954;40063
229
230;322;367
4183;16266;62945
3321;12913;49970
230
231;125;367
22253;10255;125902
17666;8141;99950
237
238;7;8;9;136;137;138
6991;94152;73025;52263;104137;86557;65981
5550;74744;57973;41490;82671;68715;52381
246
247;155
48084;9520
38173;7558
247
248;37;38;39;161;160;162
6991;94152;73025;52263;86557;104137;65981
5550;74744;57973;41490;68715;82671;52381
248
249;250;40;41;42;163;165;164
72965;67762;82143;65261;56602;108263;57338;77465
57925;53795;65211;51809;44935;85947;45519;61497
249
250;41;164;295
20523;17061;15477;85027
16293;13545;12287;67501
250
251;42;43;165;164;296
9520;15828;12131;6283;8274;86307
7558;12565;9631;4988;6568;68517
251
252;167
48084;9520
38173;7558
252
253;52;53;54;172;174;173
6991;94152;73025;52263;104137;65981;86557
5550;74744;57973;41490;82671;52381;68715
253
254;255;55;56;57;175;177;176
72965;67762;82143;65261;56602;108263;57338;77465
57925;53795;65211;51809;44935;85947;45519;61497
254
255;56;176;300
20523;17061;15477;85027
16293;13545;12287;67501
255
256;58;57;177;176;301
9520;12131;15828;6283;8274;86307
7558;9631;12565;4988;6568;68517
238
239;240;10;11;12;139;141;140
72965;67762;82143;65261;56602;108263;57338;77465
57925;53795;65211;51809;44935;85947;45519;61497
256
257;179
48084;9520
38173;7558
257
258;67;68;69;185;186;184
6991;94152;73025;52263;86557;65981;104137
5550;74744;57973;41490;68715;52381;82671
258
259;260;71;70;72;187;188;189
72965;67762;65261;82143;56602;108263;77465;57338
57925;53795;51809;65211;44935;85947;61497;45519
259
260;71;188;305
20523;17061;15477;85027
16293;13545;12287;67501
260
261;72;73;188;189;306
9520;15828;12131;8274;6283;86307
7558;12565;9631;6568;4988;68517
261
262;191
48084;9520
38173;7558
262
263;82;83;84;197;196;198
6991;94152;73025;52263;86557;104137;65981
5550;74744;57973;41490;68715;82671;52381
263
264;265;85;86;87;199;201;200
72965;67762;82143;65261;56602;108263;57338;77465
57925;53795;65211;51809;44935;85947;45519;61497
264
265;86;200;310
20523;17061;15477;85027
16293;13545;12287;67501
265
266;87;88;201;200;311
9520;15828;12131;6283;8274;86307
7558;12565;9631;4988;6568;68517
239
240;11;140;285
20523;17061;15477;85027
16293;13545;12287;67501
266
267;203
48084;9520
38173;7558
267
268;97;98;99;208;209;210
6991;94152;73025;52263;104137;86557;65981
5550;74744;57973;41490;82671;68715;52381
268
269;270;100;101;102;211;213;212
72965;67762;82143;65261;56602;108263;57338;77465
57925;53795;65211;51809;44935;85947;45519;61497
269
270;101;212;315
20523;17061;15477;85027
16293;13545;12287;67501
270
271;103;102;213;212;316
9520;12131;15828;6283;8274;86307
7558;9631;12565;4988;6568;68517
271
272;215
48084;9520
38173;7558
272
273;113;114;112;222;220;221
6991;73025;52263;94152;65981;104137;86557
5550;57973;41490;74744;52381;82671;68715
273
274;275;115;116;117;223;224;225
72965;67762;82143;65261;56602;108263;77465;57338
57925;53795;65211;51809;44935;85947;61497;45519
274
275;116;224;320
20523;17061;15477;85027
16293;13545;12287;67501
275
276;117;118;224;225;321
9520;15828;12131;8274;6283;86307
7558;12565;9631;6568;4988;68517
240
241;12;13;141;140;286
9520;15828;12131;6283;8274;86307
7558;12565;9631;4988;6568;68517
276
277;227
48084;9520
38173;7558
277
278;129;127;128;232;233;234
6991;52263;94152;73025;104137;86557;65981
5550;41490;74744;57973;82671;68715;52381
278
279;280;130;235
72965;67762;82143;108263
57925;53795;65211;85947
279
280
20523
16293
280
0
0
0
241
242;143
48084;9520
38173;7558
242
243;22;23;24;148;149;150
6991;94152;73025;52263;104137;86557;65981
5550;74744;57973;41490;82671;68715;52381
243
244;245;26;25;27;151;152;153
72965;67762;65261;82143;56602;108263;77465;57338
57925;53795;51809;65211;44935;85947;61497;45519
244
245;26;152;290
20523;17061;15477;85027
16293;13545;12287;67501
245
246;27;28;152;153;291
9520;15828;12131;8274;6283;86307
7558;12565;9631;6568;4988;68517
282
283;6;136;327
20523;17061;15477;85027
16293;13545;12287;67501
291
292;293;35;36;37;159;161;160
72965;67762;82143;65261;56602;108263;57338;77465
57925;53795;65211;51809;44935;85947;45519;61497
292
293;36;160;337
20523;17061;15477;85027
16293;13545;12287;67501
293
294;37;38;161;160;338
9520;15828;12131;6283;8274;86307
7558;12565;9631;4988;6568;68517
294
295;163
48084;9520
38173;7558
295
296;48;49;47;169;170;168
6991;73025;52263;94152;86557;65981;104137
5550;57973;41490;74744;68715;52381;82671
296
297;298;50;51;52;171;172;173
72965;67762;82143;65261;56602;108263;77465;57338
57925;53795;65211;51809;44935;85947;61497;45519
297
298;51;172;342
20523;17061;15477;85027
16293;13545;12287;67501
298
299;52;53;172;173;343
9520;15828;12131;8274;6283;86307
7558;12565;9631;6568;4988;68517
299
300;175
48084;9520
38173;7558
300
301;62;63;64;181;182;180
6991;94152;73025;52263;86557;65981;104137
5550;74744;57973;41490;68715;52381;82671
283
284;7;8;136;137;328
9520;15828;12131;8274;6283;86307
7558;12565;9631;6568;4988;68517
301
302;303;65;66;67;183;185;184
72965;67762;82143;65261;56602;108263;57338;77465
57925;53795;65211;51809;44935;85947;45519;61497
302
303;66;184;347
20523;17061;15477;85027
16293;13545;12287;67501
303
304;67;68;185;184;348
9520;15828;12131;6283;8274;86307
7558;12565;9631;4988;6568;68517
304
305;187
48084;9520
38173;7558
305
306;77;78;79;193;194;192
6991;94152;73025;52263;86557;65981;104137
5550;74744;57973;41490;68715;52381;82671
306
307;308;81;80;82;195;197;196
72965;67762;65261;82143;56602;108263;57338;77465
57925;53795;51809;65211;44935;85947;45519;61497
307
308;81;196;352
20523;17061;15477;85027
16293;13545;12287;67501
308
309;82;83;197;196;353
9520;15828;12131;6283;8274;86307
7558;12565;9631;4988;6568;68517
309
310;199
48084;9520
38173;7558
310
311;92;93;94;206;205;204
6991;94152;73025;52263;65981;86557;104137
5550;74744;57973;41490;52381;68715;82671
284
285;139
48084;9520
38173;7558
311
312;313;95;96;97;207;208;209
72965;67762;82143;65261;56602;108263;77465;57338
57925;53795;65211;51809;44935;85947;61497;45519
312
313;96;208;357
20523;17061;15477;85027
16293;13545;12287;67501
313
314;97;98;208;209;358
9520;15828;12131;8274;6283;86307
7558;12565;9631;6568;4988;68517
314
315;211
48084;9520
38173;7558
315
316;107;108;109;216;217;218
6991;94152;73025;52263;104137;86557;65981
5550;74744;57973;41490;82671;68715;52381
316
317;318;110;111;112;219;220;221
72965;67762;82143;65261;56602;108263;77465;57338
57925;53795;65211;51809;44935;85947;61497;45519
317
318;111;220;362
20523;17061;15477;85027
16293;13545;12287;67501
318
319;113;112;220;221;363
9520;12131;15828;8274;6283;86307
7558;9631;12565;6568;4988;68517
319
320;223
48084;9520
38173;7558
320
321;124;122;123;229;230;228
6991;52263;94152;73025;86557;65981;104137
5550;41490;74744;57973;68715;52381;82671
285
286;17;18;19;146;144;145
6991;94152;73025;52263;65981;104137;86557
5550;74744;57973;41490;52381;82671;68715
321
322;323;125;126;127;231;232;233
72965;67762;82143;65261;56602;108263;77465;57338
57925;53795;65211;51809;44935;85947;61497;45519
322
323;126;232;367
20523;17061;15477;85027
16293;13545;12287;67501
323
324;127;128;232;233;368
9520;15828;12131;8274;6283;86307
7558;12565;9631;6568;4988;68517
324
0;235
0;9520
0;7558
286
287;288;20;21;22;147;148;149
72965;67762;82143;65261;56602;108263;77465;57338
57925;53795;65211;51809;44935;85947;61497;45519
287
288;21;148;332
20523;17061;15477;85027
16293;13545;12287;67501
288
289;22;23;148;149;333
9520;15828;12131;8274;6283;86307
7558;12565;9631;6568;4988;68517
289
290;151
48084;9520
38173;7558
290
291;32;33;34;157;158;156
6991;94152;73025;52263;86557;65981;104137
5550;74744;57973;41490;68715;52381;82671
326
327;135
48084;9520
38173;7558
335
336;32;33;157;156;248
9520;15828;12131;6283;8274;86307
7558;12565;9631;4988;6568;68517
336
337;159
48084;9520
38173;7558
337
338;42;43;44;165;164;166
6991;94152;73025;52263;86557;104137;65981
5550;74744;57973;41490;68715;82671;52381
338
339;340;45;46;47;167;169;168
72965;67762;82143;65261;56602;108263;57338;77465
57925;53795;65211;51809;44935;85947;45519;61497
339
340;46;168;252
20523;17061;15477;85027
16293;13545;12287;67501
340
341;48;47;169;168;253
9520;12131;15828;6283;8274;86307
7558;9631;12565;4988;6568;68517
341
342;171
48084;9520
38173;7558
342
343;58;59;57;178;177;176
6991;73025;52263;94152;65981;86557;104137
5550;57973;41490;74744;52381;68715;82671
343
344;345;61;60;62;179;181;180
72965;67762;65261;82143;56602;108263;57338;77465
57925;53795;51809;65211;44935;85947;45519;61497
344
345;61;180;257
20523;17061;15477;85027
16293;13545;12287;67501
327
328;12;13;14;141;140;142
6991;94152;73025;52263;86557;104137;65981
5550;74744;57973;41490;68715;82671;52381
345
346;62;63;181;180;258
9520;15828;12131;6283;8274;86307
7558;12565;9631;4988;6568;68517
346
347;183
48084;9520
38173;7558
347
348;72;73;74;188;190;189
6991;94152;73025;52263;104137;65981;86557
5550;74744;57973;41490;82671;52381;68715
348
349;350;75;76;77;191;193;192
72965;67762;82143;65261;56602;108263;57338;77465
57925;53795;65211;51809;44935;85947;45519;61497
349
350;76;192;262
20523;17061;15477;85027
16293;13545;12287;67501
350
351;77;78;193;192;263
9520;15828;12131;6283;8274;86307
7558;12565;9631;4988;6568;68517
351
352;195
48084;9520
38173;7558
352
353;87;88;89;201;200;202
6991;94152;73025;52263;86557;104137;65981
5550;74744;57973;41490;68715;82671;52381
353
354;355;90;91;92;203;205;204
72965;67762;82143;65261;56602;108263;57338;77465
57925;53795;65211;51809;44935;85947;45519;61497
354
355;91;204;267
20523;17061;15477;85027
16293;13545;12287;67501
328
329;330;16;15;17;143;144;145
72965;67762;65261;82143;56602;108263;77465;57338
57925;53795;51809;65211;44935;85947;61497;45519
355
356;92;93;205;204;268
9520;15828;12131;6283;8274;86307
7558;12565;9631;4988;6568;68517
356
357;207
48084;9520
38173;7558
357
358;103;104;102;213;214;212
6991;73025;52263;94152;86557;65981;104137
5550;57973;41490;74744;68715;52381;82671
358
359;360;105;106;107;215;216;217
72965;67762;82143;65261;56602;108263;77465;57338
57925;53795;65211;51809;44935;85947;61497;45519
359
360;106;216;272
20523;17061;15477;85027
16293;13545;12287;67501
360
361;107;108;216;217;273
9520;15828;12131;8274;6283;86307
7558;12565;9631;6568;4988;68517
361
362;219
48084;9520
38173;7558
362
363;117;118;119;224;225;226
6991;94152;73025;52263;104137;86557;65981
5550;74744;57973;41490;82671;68715;52381
363
364;365;120;121;122;227;229;228
72965;67762;82143;65261;56602;108263;57338;77465
57925;53795;65211;51809;44935;85947;45519;61497
364
365;121;228;277
20523;17061;15477;85027
16293;13545;12287;67501
329
330;16;144;242
20523;17061;15477;85027
16293;13545;12287;67501
365
366;122;123;229;228;278
9520;15828;12131;6283;8274;86307
7558;12565;9631;4988;6568;68517
366
367;231
48084;9520
38173;7558
367
368
6991
5550
368
0
0
0
330
331;17;18;144;145;243
9520;15828;12131;8274;6283;86307
7558;12565;9631;6568;4988;68517
331
332;147
48084;9520
38173;7558
332
333;27;28;29;152;154;153
6991;94152;73025;52263;104137;65981;86557
5550;74744;57973;41490;82671;52381;68715
333
334;335;30;31;32;155;157;156
72965;67762;82143;65261;56602;108263;57338;77465
57925;53795;65211;51809;44935;85947;45519;61497
334
335;31;156;247
20523;17061;15477;85027
16293;13545;12287;67501
1
2
0
0
131
132
0
0
236
237
0
0
281
282
0
0
325
326
0
0
Transshipment arcs;350
2
7
11
143;330;16
101
215;360;106
102
107
103
108
104
109
105
110
106
219;318;111
107
112
108
113
109
114
110
115
12
17
111
223;275;116
112
117
113
118
114
119
115
120
116
227;365;121
117
122
118
123
119
124
120
125
13
18
121
231;323;126
122
127
123
128
124
129
125
130
126
235;280
14
19
15
20
16
147;288;21
17
22
18
23
19
24
20
25
3
8
21
151;245;26
22
27
23
28
24
29
25
30
26
155;335;31
27
32
28
33
29
34
30
35
4
9
31
159;293;36
32
37
33
38
34
39
35
40
36
163;250;41
37
42
38
43
39
44
40
45
5
10
41
167;340;46
42
47
43
48
44
49
45
50
46
171;298;51
47
52
48
53
49
54
50
55
6
139;240;11
51
175;255;56
52
57
53
58
54
59
55
60
56
179;345;61
57
62
58
63
59
64
60
65
7
12
61
183;303;66
62
67
63
68
64
69
65
70
66
187;260;71
67
72
68
73
69
74
70
75
8
13
71
191;350;76
72
77
73
78
74
79
75
80
76
195;308;81
77
82
78
83
79
84
80
85
9
14
81
199;265;86
82
87
83
88
84
89
85
90
86
203;355;91
87
92
88
93
89
94
90
95
10
15
91
207;313;96
92
97
93
98
94
99
95
100
96
211;270;101
97
102
98
103
99
104
100
105
132
136
141
145
231
235;280
142
146
143
147;288;21
144
148
145
149
146
150
147
151;245;26
148
152
149
153
150
154
133
137
151
155;335;31
152
156
153
157
154
158
155
159;293;36
156
160
157
161
158
162
159
163;250;41
160
164
134
138
161
165
162
166
163
167;340;46
164
168
165
169
166
170
167
171;298;51
168
172
169
173
170
174
135
139;240;11
171
175;255;56
172
176
173
177
174
178
175
179;345;61
176
180
177
181
178
182
179
183;303;66
180
184
136
140
181
185
182
186
183
187;260;71
184
188
185
189
186
190
187
191;350;76
188
192
189
193
190
194
137
141
191
195;308;81
192
196
193
197
194
198
195
199;265;86
196
200
197
201
198
202
199
203;355;91
200
204
138
142
201
205
202
206
203
207;313;96
204
208
205
209
206
210
207
211;270;101
208
212
209
213
210
214
139
143;330;16
211
215;360;106
212
216
213
217
214
218
215
219;318;111
216
220
217
221
218
222
219
223;275;116
220
224
140
144
221
225
222
226
223
227;365;121
224
228
225
229
226
230
227
231;323;126
228
232
229
233
230
234
237
327
246
336
247
337
248
338
249
339
250
167;340;46
251
341
252
342
253
343
254
344
255
179;345;61
238
328
256
346
257
347
258
348
259
349
260
191;350;76
261
351
262
352
263
353
264
354
265
203;355;91
239
329
266
356
267
357
268
358
269
359
270
215;360;106
271
361
272
362
273
363
274
364
275
227;365;121
240
143;330;16
276
366
277
367
278
368
241
331
242
332
243
333
244
334
245
155;335;31
282
239
291
248
292
249
293
163;250;41
294
251
295
252
296
253
297
254
298
175;255;56
299
256
300
257
283
139;240;11
301
258
302
259
303
187;260;71
304
261
305
262
306
263
307
264
308
199;265;86
309
266
310
267
284
241
311
268
312
269
313
211;270;101
314
271
315
272
316
273
317
274
318
223;275;116
319
276
320
277
285
242
321
278
322
279
323
235;280
286
243
287
244
288
151;245;26
289
246
290
247
326
284
335
159;293;36
336
294
337
295
338
296
339
297
340
171;298;51
341
299
342
300
343
301
344
302
327
285
345
183;303;66
346
304
347
305
348
306
349
307
350
195;308;81
351
309
352
310
353
311
354
312
328
286
355
207;313;96
356
314
357
315
358
316
359
317
360
219;318;111
361
319
362
320
363
321
364
322
329
287
365
231;323;126
366
324
330
147;288;21
331
289
332
290
333
291
334
292
