Sailing arcs;556
2
3;4;5;208;207;164;252;297;298;350;351;515;427;428
176282;141559;131761;127757;160620;110827;157568;151195;130500;169175;163482;96134;169245;161046
213049;171084;159243;154404;194120;133942;190432;182729;157718;204460;197579;116185;204544;194636
11
12;13;172;215;366;365;436
219112;126443;27709;10117;35132;40327;101696
264812;152815;31045;12227;42459;48738;122906
12
13;56;176;264;220;312;373;484;529
9042;213458;216592;186825;119523;200690;137517;82963;112325
9452;257979;261766;225792;144453;242549;166200;100266;128389
13
14;220;312;373;484;529
5834;134876;238262;167415;102004;117558
4896;163007;287957;202333;123279;142077
14
15;16;17;221;265;177;266;313;314;375;374;486;440;485
176282;141559;131761;110827;160620;157568;127757;151195;130500;163482;169175;161046;96134;169245
213049;171084;159243;133942;194120;190432;154404;182729;157718;197579;204460;194636;116185;204544
15
16;59;486;530
4991;137849;19814;73019
4189;166601;23946;88249
16
17;18;59;314;376
13064;124815;193984;17695;9859
15789;150848;234444;17022;11915
17
18;19;267;178;378;377;531
219112;126443;27709;10117;35132;40327;101696
264812;152815;31045;12227;42459;48738;122906
18
19;62;226;271;183;320;385;446;492
9042;213458;186825;216592;119523;200690;137517;82963;112325
9452;257979;225792;261766;144453;242549;166200;100266;128389
19
20;183;320;385;446;492
5834;134876;238262;167415;102004;117558
4896;163007;287957;202333;123279;142077
20
21;22;23;228;272;184;227;321;322;387;386;448;447;535
176282;141559;131761;127757;157568;110827;160620;151195;130500;163482;169175;161046;169245;96134
213049;171084;159243;154404;190432;133942;194120;182729;157718;197579;204460;194636;204544;116185
3
4;47;428;473
4991;137849;19814;73019
4189;166601;23946;88249
21
22;65;448;493
4991;137849;19814;73019
4189;166601;23946;88249
22
23;24;65;322;388
13064;124815;193984;17695;9859
15789;150848;234444;17022;11915
23
24;25;229;273;389;390;494
219112;126443;27709;10117;40327;35132;101696
264812;152815;31045;12227;48738;42459;122906
24
25;68;189;233;278;328;397;541;454
9042;213458;186825;216592;119523;200690;137517;82963;112325
9452;257979;225792;261766;144453;242549;166200;100266;128389
25
26;278;328;397;541;454
5834;134876;238262;167415;102004;117558
4896;163007;287957;202333;123279;142077
26
27;28;29;190;279;191;234;329;330;399;398;498;542;543
176282;141559;131761;160620;110827;127757;157568;151195;130500;163482;169175;96134;169245;161046
213049;171084;159243;194120;133942;154404;190432;182729;157718;197579;204460;116185;204544;194636
27
28;71;543;455
4991;137849;19814;73019
4189;166601;23946;88249
28
29;30;71;330;400
13064;124815;193984;17695;9859
15789;150848;234444;17022;11915
29
30;31;192;235;401;402;456
219112;126443;27709;10117;40327;35132;101696
264812;152815;31045;12227;48738;42459;122906
30
31;74;196;284;240;336;409;504;549
9042;213458;216592;186825;119523;200690;137517;82963;112325
9452;257979;261766;225792;144453;242549;166200;100266;128389
4
5;6;47;298;352
13064;124815;193984;17695;9859
15789;150848;234444;17022;11915
31
32;240;336;409;504;549
5834;134876;238262;167415;102004;117558
4896;163007;287957;202333;123279;142077
32
33;34;35;285;286;241;197;337;338;411;410;506;505;460
176282;141559;131761;160620;127757;110827;157568;151195;130500;163482;169175;161046;169245;96134
213049;171084;159243;194120;154404;133942;190432;182729;157718;197579;204460;194636;204544;116185
33
34;77;506;550
4991;137849;19814;73019
4189;166601;23946;88249
34
35;36;77;338;412
13064;124815;193984;17695;9859
15789;150848;234444;17022;11915
35
36;37;198;287;414;413;551
219112;126443;10117;27709;35132;40327;101696
264812;152815;12227;31045;42459;48738;122906
36
37;80;246;291;203;344;421;466;512
9042;213458;186825;216592;119523;200690;137517;82963;112325
9452;257979;225792;261766;144453;242549;166200;100266;128389
37
38;203;344;421;466;512
5834;134876;238262;167415;102004;117558
4896;163007;287957;202333;123279;142077
38
39;40;292;247;248;345;423;422;468;467;555
176282;141559;157568;160620;127757;151195;163482;169175;161046;169245;96134
213049;171084;190432;194120;154404;182729;197579;204460;194636;204544;116185
39
40;468
4991;19814
4189;23946
40
0
0
0
5
6;7;209;253;353;354;474
219112;126443;27709;10117;40327;35132;101696
264812;152815;31045;12227;48738;42459;122906
6
7;50;169;213;258;304;361;521;434
9042;213458;186825;216592;119523;200690;137517;82963;112325
9452;257979;225792;261766;144453;242549;166200;100266;128389
7
8;258;304;361;521;434
5834;134876;238262;167415;102004;117558
4896;163007;287957;202333;123279;142077
8
9;10;11;170;171;214;259;305;306;362;363;522;523;478
176282;141559;131761;160620;127757;157568;110827;151195;130500;169175;163482;169245;161046;96134
213049;171084;159243;194120;154404;190432;133942;182729;157718;204460;197579;204544;194636;116185
9
10;53;523;435
4991;137849;19814;73019
4189;166601;23946;88249
10
11;12;53;306;364
13064;124815;193984;17695;9859
15789;150848;234444;17022;11915
42
43;85;471;515
4991;137849;19814;73019
4189;166601;23946;88249
51
52;94;218;174;263;310;370;526;439
9042;213458;216592;186825;119523;200690;137517;82963;112325
9452;257979;261766;225792;144453;242549;166200;100266;128389
52
53;263;310;370;526;439
5834;134876;238262;167415;102004;117558
4896;163007;287957;202333;123279;142077
53
54;55;56;219;176;264;175;311;312;372;371;527;528;483
176282;141559;131761;157568;127757;110827;160620;151195;130500;163482;169175;169245;161046;96134
213049;171084;159243;190432;154404;133942;194120;182729;157718;197579;204460;204544;194636;116185
54
55;97;528;440
4991;137849;19814;73019
4189;166601;23946;88249
55
56;57;97;312;373
13064;124815;193984;17695;9859
15789;150848;234444;17022;11915
56
57;58;220;177;375;374;441
219112;126443;10117;27709;35132;40327;101696
264812;152815;12227;31045;42459;48738;122906
57
58;100;269;181;225;318;382;489;534
9042;213458;186825;216592;119523;200690;137517;82963;112325
9452;257979;225792;261766;144453;242549;166200;100266;128389
58
59;225;318;382;489;534
5834;134876;238262;167415;102004;117558
4896;163007;287957;202333;123279;142077
59
60;61;62;270;182;226;271;319;320;384;383;445;490;491
176282;141559;131761;160620;157568;110827;127757;151195;130500;163482;169175;96134;169245;161046
213049;171084;159243;194120;190432;133942;154404;182729;157718;197579;204460;116185;204544;194636
60
61;103;491;535
4991;137849;19814;73019
4189;166601;23946;88249
43
44;45;85;296;349
13064;124815;193984;17695;9859
15789;150848;234444;17022;11915
61
62;63;103;320;385
13064;124815;193984;17695;9859
15789;150848;234444;17022;11915
62
63;64;183;272;387;386;536
219112;126443;10117;27709;35132;40327;101696
264812;152815;12227;31045;42459;48738;122906
63
64;106;231;276;188;326;394;451;497
9042;213458;186825;216592;119523;200690;137517;82963;112325
9452;257979;225792;261766;144453;242549;166200;100266;128389
64
65;188;326;394;451;497
5834;134876;238262;167415;102004;117558
4896;163007;287957;202333;123279;142077
65
66;67;68;189;277;232;233;327;328;395;396;452;540;453
176282;141559;131761;110827;157568;160620;127757;151195;130500;169175;163482;169245;96134;161046
213049;171084;159243;133942;190432;194120;154404;182729;157718;204460;197579;204544;116185;194636
66
67;109;453;498
4991;137849;19814;73019
4189;166601;23946;88249
67
68;69;109;328;397
13064;124815;193984;17695;9859
15789;150848;234444;17022;11915
68
69;70;278;234;399;398;499
219112;126443;10117;27709;35132;40327;101696
264812;152815;12227;31045;42459;48738;122906
69
70;112;194;238;283;334;406;546;459
9042;213458;186825;216592;119523;200690;137517;82963;112325
9452;257979;225792;261766;144453;242549;166200;100266;128389
70
71;283;334;406;546;459
5834;134876;238262;167415;102004;117558
4896;163007;287957;202333;123279;142077
44
45;46;163;252;350;351;516
219112;126443;10117;27709;40327;35132;101696
264812;152815;12227;31045;48738;42459;122906
71
72;73;74;239;195;196;284;335;336;407;408;548;503;547
176282;141559;131761;157568;160620;127757;110827;151195;130500;169175;163482;161046;96134;169245
213049;171084;159243;190432;194120;154404;133942;182729;157718;204460;197579;194636;116185;204544
72
73;115;548;460
4991;137849;19814;73019
4189;166601;23946;88249
73
74;75;115;336;409
13064;124815;193984;17695;9859
15789;150848;234444;17022;11915
74
75;76;240;197;411;410;461
219112;126443;10117;27709;35132;40327;101696
264812;152815;12227;31045;42459;48738;122906
75
76;118;201;289;245;342;418;509;554
9042;213458;216592;186825;119523;200690;137517;82963;112325
9452;257979;261766;225792;144453;242549;166200;100266;128389
76
77;245;342;418;509;554
5834;134876;238262;167415;102004;117558
4896;163007;287957;202333;123279;142077
77
78;79;80;290;246;202;291;343;344;420;419;510;511;465
176282;141559;131761;160620;110827;157568;127757;151195;130500;163482;169175;169245;161046;96134
213049;171084;159243;194120;133942;190432;154404;182729;157718;197579;204460;204544;194636;116185
78
79;511;555
4991;19814;73019
4189;23946;88249
79
80;344;421
13064;17695;9859
15789;17022;11915
80
0;292;203;423;422;556
0;27709;10117;35132;40327;101696
0;31045;12227;42459;48738;122906
45
46;88;211;256;168;302;358;431;477
9042;213458;186825;216592;119523;200690;137517;82963;112325
9452;257979;225792;261766;144453;242549;166200;100266;128389
46
47;168;302;358;431;477
5834;134876;238262;167415;102004;117558
4896;163007;287957;202333;123279;142077
47
48;49;50;169;212;213;257;303;304;360;359;433;432;520
176282;141559;131761;110827;160620;127757;157568;151195;130500;163482;169175;161046;169245;96134
213049;171084;159243;133942;194120;154404;190432;182729;157718;197579;204460;194636;204544;116185
48
49;91;433;478
4991;137849;19814;73019
4189;166601;23946;88249
49
50;51;91;304;361
13064;124815;193984;17695;9859
15789;150848;234444;17022;11915
50
51;52;258;214;362;363;479
219112;126443;10117;27709;40327;35132;101696
264812;152815;12227;31045;48738;42459;122906
82
83;84;162;205;348;347;426
219112;126443;27709;10117;35132;40327;101696
264812;152815;31045;12227;42459;48738;122906
91
92;93;94;218;174;262;217;309;310;369;368;437;525;438
176282;141559;131761;127757;110827;157568;160620;151195;130500;163482;169175;169245;96134;161046
213049;171084;159243;154404;133942;190432;194120;182729;157718;197579;204460;204544;116185;194636
92
93;136;438;483
4991;137849;19814;73019
4189;166601;23946;88249
93
94;95;136;310;370
13064;124815;193984;17695;9859
15789;150848;234444;17022;11915
94
95;96;219;263;372;371;484
219112;126443;27709;10117;35132;40327;101696
264812;152815;31045;12227;42459;48738;122906
95
96;139;223;179;268;316;379;531;444
9042;213458;216592;186825;119523;200690;137517;82963;112325
9452;257979;261766;225792;144453;242549;166200;100266;128389
96
97;268;316;379;531;444
5834;134876;238262;167415;102004;117558
4896;163007;287957;202333;123279;142077
97
98;99;100;269;180;224;181;317;318;380;381;532;533;488
176282;141559;131761;110827;160620;157568;127757;151195;130500;169175;163482;169245;161046;96134
213049;171084;159243;133942;194120;190432;154404;182729;157718;204460;197579;204544;194636;116185
98
99;142;533;445
4991;137849;19814;73019
4189;166601;23946;88249
99
100;101;142;318;382
13064;124815;193984;17695;9859
15789;150848;234444;17022;11915
100
101;102;182;225;384;383;446
219112;126443;27709;10117;35132;40327;101696
264812;152815;31045;12227;42459;48738;122906
83
84;127;254;166;210;300;355;474;519
9042;213458;186825;216592;119523;200690;137517;82963;112325
9452;257979;225792;261766;144453;242549;166200;100266;128389
101
102;145;186;274;230;324;391;494;539
9042;213458;216592;186825;119523;200690;137517;82963;112325
9452;257979;261766;225792;144453;242549;166200;100266;128389
102
103;230;324;391;494;539
5834;134876;238262;167415;102004;117558
4896;163007;287957;202333;123279;142077
103
104;105;106;231;275;276;187;325;326;393;392;495;496;450
176282;141559;131761;110827;160620;127757;157568;151195;130500;163482;169175;169245;161046;96134
213049;171084;159243;133942;194120;154404;190432;182729;157718;197579;204460;204544;194636;116185
104
105;148;496;540
4991;137849;19814;73019
4189;166601;23946;88249
105
106;107;148;326;394
13064;124815;193984;17695;9859
15789;150848;234444;17022;11915
106
107;108;277;188;395;396;541
219112;126443;27709;10117;40327;35132;101696
264812;152815;31045;12227;48738;42459;122906
107
108;151;281;236;193;332;403;456;502
9042;213458;216592;186825;119523;200690;137517;82963;112325
9452;257979;261766;225792;144453;242549;166200;100266;128389
108
109;193;332;403;456;502
5834;134876;238262;167415;102004;117558
4896;163007;287957;202333;123279;142077
109
110;111;112;282;237;194;238;333;334;405;404;457;458;545
176282;141559;131761;157568;160620;110827;127757;151195;130500;163482;169175;169245;161046;96134
213049;171084;159243;190432;194120;133942;154404;182729;157718;197579;204460;204544;194636;116185
110
111;154;458;503
4991;137849;19814;73019
4189;166601;23946;88249
84
85;210;300;355;474;519
5834;134876;238262;167415;102004;117558
4896;163007;287957;202333;123279;142077
111
112;113;154;334;406
13064;124815;193984;17695;9859
15789;150848;234444;17022;11915
112
113;114;239;283;407;408;504
219112;126443;27709;10117;40327;35132;101696
264812;152815;31045;12227;48738;42459;122906
113
114;157;199;243;288;340;415;551;464
9042;213458;186825;216592;119523;200690;137517;82963;112325
9452;257979;225792;261766;144453;242549;166200;100266;128389
114
115;288;340;415;551;464
5834;134876;238262;167415;102004;117558
4896;163007;287957;202333;123279;142077
115
116;117;118;201;200;244;289;341;342;416;417;508;552;553
176282;141559;131761;127757;160620;157568;110827;151195;130500;169175;163482;96134;169245;161046
213049;171084;159243;154404;194120;190432;133942;182729;157718;204460;197579;116185;204544;194636
116
117;160;553;465
4991;137849;19814;73019
4189;166601;23946;88249
117
118;119;160;342;418
13064;124815;193984;17695;9859
15789;150848;234444;17022;11915
118
119;120;245;202;420;419;466
219112;126443;10117;27709;35132;40327;101696
264812;152815;12227;31045;42459;48738;122906
119
120
9042
9452
120
0
0
0
85
86;87;88;167;211;255;256;301;302;356;357;430;475;476
176282;141559;131761;157568;110827;160620;127757;151195;130500;169175;163482;96134;169245;161046
213049;171084;159243;190432;133942;194120;154404;182729;157718;204460;197579;116185;204544;194636
86
87;130;476;520
4991;137849;19814;73019
4189;166601;23946;88249
87
88;89;130;302;358
13064;124815;193984;17695;9859
15789;150848;234444;17022;11915
88
89;90;168;257;360;359;521
219112;126443;10117;27709;35132;40327;101696
264812;152815;12227;31045;42459;48738;122906
89
90;133;261;216;173;308;367;436;482
9042;213458;216592;186825;119523;200690;137517;82963;112325
9452;257979;261766;225792;144453;242549;166200;100266;128389
90
91;173;308;367;436;482
5834;134876;238262;167415;102004;117558
4896;163007;287957;202333;123279;142077
122
123;5;208;164;253;298;352;516;429
9042;213458;216592;186825;119523;200690;137517;82963;112325
9452;257979;261766;225792;144453;242549;166200;100266;128389
131
132;14;481;525
4991;137849;19814;73019
4189;166601;23946;88249
132
133;134;14;308;367
13064;124815;193984;17695;9859
15789;150848;234444;17022;11915
133
134;135;173;262;369;368;526
219112;126443;10117;27709;35132;40327;101696
264812;152815;12227;31045;42459;48738;122906
134
135;17;221;266;178;314;376;441;487
9042;213458;186825;216592;119523;200690;137517;82963;112325
9452;257979;225792;261766;144453;242549;166200;100266;128389
135
136;178;314;376;441;487
5834;134876;238262;167415;102004;117558
4896;163007;287957;202333;123279;142077
136
137;138;139;222;223;267;179;315;316;378;377;530;442;443
176282;141559;131761;160620;127757;157568;110827;151195;130500;163482;169175;96134;169245;161046
213049;171084;159243;194120;154404;190432;133942;182729;157718;197579;204460;116185;204544;194636
137
138;20;443;488
4991;137849;19814;73019
4189;166601;23946;88249
138
139;140;20;316;379
13064;124815;193984;17695;9859
15789;150848;234444;17022;11915
139
140;141;268;224;380;381;489
219112;126443;10117;27709;40327;35132;101696
264812;152815;12227;31045;48738;42459;122906
140
141;23;228;184;273;322;388;536;449
9042;213458;216592;186825;119523;200690;137517;82963;112325
9452;257979;261766;225792;144453;242549;166200;100266;128389
123
124;253;298;352;516;429
5834;134876;238262;167415;102004;117558
4896;163007;287957;202333;123279;142077
141
142;273;322;388;536;449
5834;134876;238262;167415;102004;117558
4896;163007;287957;202333;123279;142077
142
143;144;145;229;185;186;274;323;324;389;390;537;538;493
176282;141559;131761;157568;160620;127757;110827;151195;130500;169175;163482;169245;161046;96134
213049;171084;159243;190432;194120;154404;133942;182729;157718;204460;197579;204544;194636;116185
143
144;26;538;450
4991;137849;19814;73019
4189;166601;23946;88249
144
145;146;26;324;391
13064;124815;193984;17695;9859
15789;150848;234444;17022;11915
145
146;147;230;187;393;392;451
219112;126443;10117;27709;35132;40327;101696
264812;152815;12227;31045;42459;48738;122906
146
147;29;279;191;235;330;400;499;544
9042;213458;186825;216592;119523;200690;137517;82963;112325
9452;257979;225792;261766;144453;242549;166200;100266;128389
147
148;235;330;400;499;544
5834;134876;238262;167415;102004;117558
4896;163007;287957;202333;123279;142077
148
149;150;151;280;281;192;236;331;332;401;402;500;455;501
176282;141559;131761;160620;127757;157568;110827;151195;130500;169175;163482;169245;96134;161046
213049;171084;159243;194120;154404;190432;133942;182729;157718;204460;197579;204544;116185;194636
149
150;32;501;545
4991;137849;19814;73019
4189;166601;23946;88249
150
151;152;32;332;403
13064;124815;193984;17695;9859
15789;150848;234444;17022;11915
124
125;126;127;254;166;209;165;299;300;353;354;473;518;517
176282;141559;131761;110827;127757;157568;160620;151195;130500;169175;163482;96134;161046;169245
213049;171084;159243;133942;154404;190432;194120;182729;157718;204460;197579;116185;194636;204544
151
152;153;282;193;405;404;546
219112;126443;27709;10117;35132;40327;101696
264812;152815;31045;12227;42459;48738;122906
152
153;35;286;241;198;338;412;461;507
9042;213458;216592;186825;119523;200690;137517;82963;112325
9452;257979;261766;225792;144453;242549;166200;100266;128389
153
154;198;338;412;461;507
5834;134876;238262;167415;102004;117558
4896;163007;287957;202333;123279;142077
154
155;156;157;199;242;243;287;339;340;414;413;463;462;550
176282;141559;131761;110827;160620;127757;157568;151195;130500;163482;169175;161046;169245;96134
213049;171084;159243;133942;194120;154404;190432;182729;157718;197579;204460;194636;204544;116185
155
156;38;463;508
4991;137849;19814;73019
4189;166601;23946;88249
156
157;158;38;340;415
13064;124815;193984;17695;9859
15789;150848;234444;17022;11915
157
158;159;288;244;416;417;509
219112;126443;10117;27709;40327;35132;101696
264812;152815;12227;31045;48738;42459;122906
158
159;248;556
9042;216592;82963
9452;261766;100266
159
160;556
5834;102004
4896;123279
160
0
0
0
125
126;8;518;430
4991;137849;19814;73019
4189;166601;23946;88249
126
127;128;8;300;355
13064;124815;193984;17695;9859
15789;150848;234444;17022;11915
127
128;129;167;210;356;357;431
219112;126443;27709;10117;40327;35132;101696
264812;152815;31045;12227;48738;42459;122906
128
129;11;171;259;215;306;364;479;524
9042;213458;216592;186825;119523;200690;137517;82963;112325
9452;257979;261766;225792;144453;242549;166200;100266;128389
129
130;215;306;364;479;524
5834;134876;238262;167415;102004;117558
4896;163007;287957;202333;123279;142077
130
131;132;133;261;172;260;216;307;308;366;365;481;435;480
176282;141559;131761;127757;157568;160620;110827;151195;130500;163482;169175;161046;96134;169245
213049;171084;159243;154404;190432;194120;133942;182729;157718;197579;204460;194636;116185;204544
162
163;45;85
21487;104579;166835
18033;125379;201632
171
172;12;436
21487;144108;51204
18033;174165;55526
172
173;14;134
21487;166835;104579
18033;201632;125379
173
174;135;136;217
22686;146913;109311;8135
19040;177554;125840;9753
174
175;54;95;96;527;484
15329;21454;185083;102381;22329;86589
12866;21207;223686;123734;20424;104648
175
176;55;96;97;264;528;440
8135;10984;172919;114313;18377;31261;44994
6827;13275;208985;138155;22210;37781;54379
176
177;57;441
21487;144108;51204
18033;174165;55526
177
178;18;59
21487;104579;166835
18033;125379;201632
178
179;19;20;222
22686;146913;109311;8135
19040;177554;125840;9753
179
180;98;140;141;532;489
15329;21454;185083;102381;22329;86589
12866;21207;223686;123734;20424;104648
180
181;99;141;142;269;533;445
8135;10984;172919;114313;18377;31261;44994
6827;13275;208985;138155;22210;37781;54379
163
164;46;47;207
22686;146913;109311;8135
19040;177554;125840;9753
181
182;101;446
21487;144108;51204
18033;174165;55526
182
183;103;63
21487;166835;104579
18033;201632;125379
183
184;64;65;227
22686;146913;109311;8135
19040;177554;125840;9753
184
185;143;24;25;537;494
15329;21454;185083;102381;22329;86589
12866;21207;223686;123734;20424;104648
185
186;144;25;26;274;538;450
8135;10984;172919;114313;18377;31261;44994
6827;13275;208985;138155;22210;37781;54379
186
187;146;451
21487;144108;51204
18033;174165;55526
187
188;107;148
21487;104579;166835
18033;125379;201632
188
189;108;109;232
22686;146913;109311;8135
19040;177554;125840;9753
189
190;27;70;69;499;542
15329;21454;102381;185083;86589;22329
12866;21207;123734;223686;104648;20424
190
191;28;70;71;279;543;455
8135;10984;172919;114313;18377;31261;44994
6827;13275;208985;138155;22210;37781;54379
164
165;125;7;6;517;474
15329;21454;102381;185083;22329;86589
12866;21207;123734;223686;20424;104648
191
192;30;456
21487;144108;51204
18033;174165;55526
192
193;152;32
21487;104579;166835
18033;125379;201632
193
194;153;154;237
22686;146913;109311;8135
19040;177554;125840;9753
194
195;72;114;113;504;547
15329;21454;102381;185083;86589;22329
12866;21207;123734;223686;104648;20424
195
196;73;114;115;284;548;460
8135;10984;172919;114313;18377;31261;44994
6827;13275;208985;138155;22210;37781;54379
196
197;75;461
21487;144108;51204
18033;174165;55526
197
198;36;77
21487;104579;166835
18033;125379;201632
198
199;37;38;242
22686;146913;109311;8135
19040;177554;125840;9753
199
200;116;159;158;509;552
15329;21454;102381;185083;86589;22329
12866;21207;123734;223686;104648;20424
200
201;117;159;160;289;553;465
8135;10984;172919;114313;18377;31261;44994
6827;13275;208985;138155;22210;37781;54379
165
166;126;7;8;254;518;430
8135;10984;172919;114313;18377;31261;44994
6827;13275;208985;138155;22210;37781;54379
201
202;119;466
21487;144108;51204
18033;174165;55526
202
203
21487
18033
203
0;247
0;8135
0;9753
166
167;128;431
21487;144108;51204
18033;174165;55526
167
168;130;89
21487;166835;104579
18033;201632;125379
168
169;90;91;212
22686;146913;109311;8135
19040;177554;125840;9753
169
170;9;51;52;522;479
15329;21454;185083;102381;22329;86589
12866;21207;223686;123734;20424;104648
170
171;10;52;53;259;523;435
8135;10984;172919;114313;18377;31261;44994
6827;13275;208985;138155;22210;37781;54379
205
206;84;85;250
22686;146913;109311;8135
19040;177554;125840;9753
214
215;12;53
21487;104579;166835
18033;125379;201632
215
216;13;14;260
22686;146913;109311;8135
19040;177554;125840;9753
216
217;92;134;135;526;437
15329;21454;185083;102381;86589;22329
12866;21207;223686;123734;104648;20424
217
218;93;135;136;174;438;483
8135;10984;172919;114313;18377;31261;44994
6827;13275;208985;138155;22210;37781;54379
218
219;95;484
21487;144108;51204
18033;174165;55526
219
220;57;97
21487;104579;166835
18033;125379;201632
220
221;58;59;265
22686;146913;109311;8135
19040;177554;125840;9753
221
222;137;19;18;531;442
15329;21454;102381;185083;86589;22329
12866;21207;123734;223686;104648;20424
222
223;138;19;20;179;443;488
8135;10984;172919;114313;18377;31261;44994
6827;13275;208985;138155;22210;37781;54379
223
224;140;489
21487;144108;51204
18033;174165;55526
206
207;3;45;46;516;427
15329;21454;185083;102381;86589;22329
12866;21207;223686;123734;104648;20424
224
225;142;101
21487;166835;104579
18033;201632;125379
225
226;102;103;270
22686;146913;109311;8135
19040;177554;125840;9753
226
227;21;64;63;447;536
15329;21454;102381;185083;22329;86589
12866;21207;123734;223686;20424;104648
227
228;22;64;65;184;448;493
8135;10984;172919;114313;18377;31261;44994
6827;13275;208985;138155;22210;37781;54379
228
229;24;494
21487;144108;51204
18033;174165;55526
229
230;26;146
21487;166835;104579
18033;201632;125379
230
231;147;148;275
22686;146913;109311;8135
19040;177554;125840;9753
231
232;66;107;108;452;541
15329;21454;185083;102381;22329;86589
12866;21207;223686;123734;20424;104648
232
233;67;108;109;189;453;498
8135;10984;172919;114313;18377;31261;44994
6827;13275;208985;138155;22210;37781;54379
233
234;69;499
21487;144108;51204
18033;174165;55526
207
208;4;46;47;164;428;473
8135;10984;172919;114313;18377;31261;44994
6827;13275;208985;138155;22210;37781;54379
234
235;30;71
21487;104579;166835
18033;125379;201632
235
236;31;32;280
22686;146913;109311;8135
19040;177554;125840;9753
236
237;110;152;153;457;546
15329;21454;185083;102381;22329;86589
12866;21207;223686;123734;20424;104648
237
238;111;153;154;194;458;503
8135;10984;172919;114313;18377;31261;44994
6827;13275;208985;138155;22210;37781;54379
238
239;113;504
21487;144108;51204
18033;174165;55526
239
240;75;115
21487;104579;166835
18033;125379;201632
240
241;76;77;285
22686;146913;109311;8135
19040;177554;125840;9753
241
242;155;37;36;551;462
15329;21454;102381;185083;86589;22329
12866;21207;123734;223686;104648;20424
242
243;156;37;38;199;463;508
8135;10984;172919;114313;18377;31261;44994
6827;13275;208985;138155;22210;37781;54379
243
244;158;509
21487;144108;51204
18033;174165;55526
208
209;6;474
21487;144108;51204
18033;174165;55526
244
245;160;119
21487;166835;104579
18033;201632;125379
245
246;120;290
22686;146913;8135
19040;177554;9753
246
247;39;556;467
15329;21454;86589;22329
12866;21207;104648;20424
247
248;40;468
8135;10984;31261
6827;13275;37781
248
0
0
0
209
210;8;128
21487;166835;104579
18033;201632;125379
210
211;129;130;255
22686;146913;109311;8135
19040;177554;125840;9753
211
212;48;89;90;521;432
15329;21454;185083;102381;86589;22329
12866;21207;223686;123734;104648;20424
212
213;49;90;91;169;433;478
8135;10984;172919;114313;18377;31261;44994
6827;13275;208985;138155;22210;37781;54379
213
214;51;479
21487;144108;51204
18033;174165;55526
250
251;43;84;85;206;471;515
8135;10984;172919;114313;18377;31261;44994
6827;13275;208985;138155;22210;37781;54379
259
260;131;12;13;436;480
15329;21454;185083;102381;86589;22329
12866;21207;223686;123734;104648;20424
260
261;132;13;14;216;481;525
8135;10984;172919;114313;18377;31261;44994
6827;13275;208985;138155;22210;37781;54379
261
262;134;526
21487;144108;51204
18033;174165;55526
262
263;95;136
21487;104579;166835
18033;125379;201632
263
264;96;97;175
22686;146913;109311;8135
19040;177554;125840;9753
264
265;15;57;58;441;485
15329;21454;185083;102381;86589;22329
12866;21207;223686;123734;104648;20424
265
266;16;58;59;221;486;530
8135;10984;172919;114313;18377;31261;44994
6827;13275;208985;138155;22210;37781;54379
266
267;18;531
21487;144108;51204
18033;174165;55526
267
268;20;140
21487;166835;104579
18033;201632;125379
268
269;141;142;180
22686;146913;109311;8135
19040;177554;125840;9753
251
252;45;516
21487;144108;51204
18033;174165;55526
269
270;60;102;101;490;446
15329;21454;102381;185083;22329;86589
12866;21207;123734;223686;20424;104648
270
271;61;102;103;226;491;535
8135;10984;172919;114313;18377;31261;44994
6827;13275;208985;138155;22210;37781;54379
271
272;63;536
21487;144108;51204
18033;174165;55526
272
273;24;65
21487;104579;166835
18033;125379;201632
273
274;25;26;185
22686;146913;109311;8135
19040;177554;125840;9753
274
275;104;146;147;451;495
15329;21454;185083;102381;86589;22329
12866;21207;223686;123734;104648;20424
275
276;105;147;148;231;496;540
8135;10984;172919;114313;18377;31261;44994
6827;13275;208985;138155;22210;37781;54379
276
277;107;541
21487;144108;51204
18033;174165;55526
277
278;109;69
21487;166835;104579
18033;201632;125379
278
279;70;71;190
22686;146913;109311;8135
19040;177554;125840;9753
252
253;47;6
21487;166835;104579
18033;201632;125379
279
280;149;30;31;500;456
15329;21454;185083;102381;22329;86589
12866;21207;223686;123734;20424;104648
280
281;150;31;32;236;501;545
8135;10984;172919;114313;18377;31261;44994
6827;13275;208985;138155;22210;37781;54379
281
282;152;546
21487;144108;51204
18033;174165;55526
282
283;154;113
21487;166835;104579
18033;201632;125379
283
284;114;115;195
22686;146913;109311;8135
19040;177554;125840;9753
284
285;33;76;75;461;505
15329;21454;102381;185083;86589;22329
12866;21207;123734;223686;104648;20424
285
286;34;76;77;241;506;550
8135;10984;172919;114313;18377;31261;44994
6827;13275;208985;138155;22210;37781;54379
286
287;36;551
21487;144108;51204
18033;174165;55526
287
288;158;38
21487;104579;166835
18033;125379;201632
288
289;159;160;200
22686;146913;109311;8135
19040;177554;125840;9753
253
254;7;8;165
22686;146913;109311;8135
19040;177554;125840;9753
289
290;78;120;119;510;466
15329;21454;102381;185083;22329;86589
12866;21207;123734;223686;20424;104648
290
291;79;120;246;511;555
8135;10984;172919;18377;31261;44994
6827;13275;208985;22210;37781;54379
291
292;556
21487;51204
18033;55526
292
0
0
0
254
255;86;129;128;431;475
15329;21454;102381;185083;86589;22329
12866;21207;123734;223686;104648;20424
255
256;87;129;130;211;476;520
8135;10984;172919;114313;18377;31261;44994
6827;13275;208985;138155;22210;37781;54379
256
257;89;521
21487;144108;51204
18033;174165;55526
257
258;91;51
21487;166835;104579
18033;201632;125379
258
259;52;53;170
22686;146913;109311;8135
19040;177554;125840;9753
294
295;42;84;85;348;470;515
17695;21227;177124;129667;38470;20806;62385
14851;25267;214067;156712;46494;19993;74851
303
304;50;91;51;361
17695;15807;197715;126658;12315
18440;19104;238952;153075;14883
304
305;9;52;53;363;522;435
17695;21227;177124;129667;38470;20806;62385
14851;25267;214067;156712;46494;19993;74851
305
306;11;12;53;364
17695;15807;126658;197715;12315
18440;19104;153075;238952;14883
306
307;131;13;14;366;480;525
17695;21227;177124;129667;38470;20806;62385
14851;25267;214067;156712;46494;19993;74851
307
308;133;14;134;367
17695;15807;197715;126658;12315
18440;19104;238952;153075;14883
308
309;92;135;136;369;437;483
17695;21227;177124;129667;38470;20806;62385
14851;25267;214067;156712;46494;19993;74851
309
310;94;95;136;370
17695;15807;126658;197715;12315
18440;19104;153075;238952;14883
310
311;54;96;97;372;527;440
17695;21227;177124;129667;38470;20806;62385
14851;25267;214067;156712;46494;19993;74851
311
312;56;57;97;373
17695;15807;126658;197715;12315
18440;19104;153075;238952;14883
312
313;15;58;59;375;485;530
17695;21227;177124;129667;38470;20806;62385
14851;25267;214067;156712;46494;19993;74851
295
296;44;45;85;349
17695;15807;126658;197715;12315
18440;19104;153075;238952;14883
313
314;17;18;59;376
17695;15807;126658;197715;12315
18440;19104;153075;238952;14883
314
315;137;19;20;378;442;488
17695;21227;177124;129667;38470;20806;62385
14851;25267;214067;156712;46494;19993;74851
315
316;139;20;140;379
17695;15807;197715;126658;12315
18440;19104;238952;153075;14883
316
317;98;141;142;381;532;445
17695;21227;177124;129667;38470;20806;62385
14851;25267;214067;156712;46494;19993;74851
317
318;100;142;101;382
17695;15807;197715;126658;12315
18440;19104;238952;153075;14883
318
319;60;102;103;384;490;535
17695;21227;177124;129667;38470;20806;62385
14851;25267;214067;156712;46494;19993;74851
319
320;62;103;63;385
17695;15807;197715;126658;12315
18440;19104;238952;153075;14883
320
321;21;64;65;387;447;493
17695;21227;177124;129667;38470;20806;62385
14851;25267;214067;156712;46494;19993;74851
321
322;23;24;65;388
17695;15807;126658;197715;12315
18440;19104;153075;238952;14883
322
323;143;25;26;390;537;450
17695;21227;177124;129667;38470;20806;62385
14851;25267;214067;156712;46494;19993;74851
296
297;3;46;47;351;427;473
17695;21227;177124;129667;38470;20806;62385
14851;25267;214067;156712;46494;19993;74851
323
324;145;26;146;391
17695;15807;197715;126658;12315
18440;19104;238952;153075;14883
324
325;104;147;148;393;495;540
17695;21227;177124;129667;38470;20806;62385
14851;25267;214067;156712;46494;19993;74851
325
326;106;107;148;394
17695;15807;126658;197715;12315
18440;19104;153075;238952;14883
326
327;66;108;109;396;452;498
17695;21227;177124;129667;38470;20806;62385
14851;25267;214067;156712;46494;19993;74851
327
328;68;109;69;397
17695;15807;197715;126658;12315
18440;19104;238952;153075;14883
328
329;27;70;71;399;542;455
17695;21227;177124;129667;38470;20806;62385
14851;25267;214067;156712;46494;19993;74851
329
330;29;30;71;400
17695;15807;126658;197715;12315
18440;19104;153075;238952;14883
330
331;149;31;32;402;500;545
17695;21227;177124;129667;38470;20806;62385
14851;25267;214067;156712;46494;19993;74851
331
332;151;152;32;403
17695;15807;126658;197715;12315
18440;19104;153075;238952;14883
332
333;110;153;154;405;457;503
17695;21227;177124;129667;38470;20806;62385
14851;25267;214067;156712;46494;19993;74851
297
298;5;47;6;352
17695;15807;197715;126658;12315
18440;19104;238952;153075;14883
333
334;112;154;113;406
17695;15807;197715;126658;12315
18440;19104;238952;153075;14883
334
335;72;114;115;408;547;460
17695;21227;177124;129667;38470;20806;62385
14851;25267;214067;156712;46494;19993;74851
335
336;74;75;115;409
17695;15807;126658;197715;12315
18440;19104;153075;238952;14883
336
337;33;76;77;411;505;550
17695;21227;177124;129667;38470;20806;62385
14851;25267;214067;156712;46494;19993;74851
337
338;35;36;77;412
17695;15807;126658;197715;12315
18440;19104;153075;238952;14883
338
339;155;37;38;414;462;508
17695;21227;177124;129667;38470;20806;62385
14851;25267;214067;156712;46494;19993;74851
339
340;157;158;38;415
17695;15807;126658;197715;12315
18440;19104;153075;238952;14883
340
341;116;159;160;417;552;465
17695;21227;177124;129667;38470;20806;62385
14851;25267;214067;156712;46494;19993;74851
341
342;118;160;119;418
17695;15807;197715;126658;12315
18440;19104;238952;153075;14883
342
343;78;120;420;510;555
17695;21227;177124;38470;20806;62385
14851;25267;214067;46494;19993;74851
298
299;125;7;8;354;517;430
17695;21227;177124;129667;38470;20806;62385
14851;25267;214067;156712;46494;19993;74851
343
344;80;421
17695;15807;12315
18440;19104;14883
344
345;39;423;467
17695;21227;38470;20806
14851;25267;46494;19993
345
0
0
0
299
300;127;8;128;355
17695;15807;197715;126658;12315
18440;19104;238952;153075;14883
300
301;86;129;130;357;475;520
17695;21227;177124;129667;38470;20806;62385
14851;25267;214067;156712;46494;19993;74851
301
302;88;130;89;358
17695;15807;197715;126658;12315
18440;19104;238952;153075;14883
302
303;48;90;91;360;432;478
17695;21227;177124;129667;38470;20806;62385
14851;25267;214067;156712;46494;19993;74851
347
348;43;44;84;85;251;295;471
15811;22660;27061;131329;99426;18505;34203;50497
19109;27386;25373;158721;109359;16147;41336;61029
356
357;87;129;88;130;256;301;476
15811;22660;131329;27061;99426;18505;34203;50497
19109;27386;158721;25373;109359;16147;41336;61029
357
358;130;302;520
15913;132903;27871;66885
13355;160623;24519;80835
358
359;89;168;521
11375;129447;8135;44042
9547;156446;6827;48208
359
360;49;50;90;91;213;303;433
15811;22660;27061;131329;99426;18505;34203;50497
19109;27386;25373;158721;109359;16147;41336;61029
360
361;91;304;478
15913;132903;27871;66885
13355;160623;24519;80835
361
362;51;258;479
11375;129447;8135;44042
9547;156446;6827;48208
362
363;10;11;52;53;171;305;523
15811;22660;27061;131329;99426;18505;34203;50497
19109;27386;25373;158721;109359;16147;41336;61029
363
364;53;306;435
15913;132903;27871;66885
13355;160623;24519;80835
364
365;12;215;436
11375;129447;8135;44042
9547;156446;6827;48208
365
366;132;133;13;14;261;307;481
15811;22660;27061;131329;99426;18505;34203;50497
19109;27386;25373;158721;109359;16147;41336;61029
348
349;85;296;515
15913;132903;27871;66885
13355;160623;24519;80835
366
367;14;308;525
15913;132903;27871;66885
13355;160623;24519;80835
367
368;134;173;526
11375;129447;8135;44042
9547;156446;6827;48208
368
369;93;135;94;136;218;309;438
15811;22660;131329;27061;99426;18505;34203;50497
19109;27386;158721;25373;109359;16147;41336;61029
369
370;136;310;483
15913;132903;27871;66885
13355;160623;24519;80835
370
371;95;263;484
11375;129447;8135;44042
9547;156446;6827;48208
371
372;55;56;96;97;176;311;528
15811;22660;27061;131329;99426;18505;34203;50497
19109;27386;25373;158721;109359;16147;41336;61029
372
373;97;312;440
15913;132903;27871;66885
13355;160623;24519;80835
373
374;57;220;441
11375;129447;8135;44042
9547;156446;6827;48208
374
375;16;17;58;59;266;313;486
15811;22660;27061;131329;99426;18505;34203;50497
19109;27386;25373;158721;109359;16147;41336;61029
375
376;59;314;530
15913;132903;27871;66885
13355;160623;24519;80835
349
350;45;163;516
11375;129447;8135;44042
9547;156446;6827;48208
376
377;18;178;531
11375;129447;8135;44042
9547;156446;6827;48208
377
378;138;19;139;20;223;315;443
15811;22660;131329;27061;99426;18505;34203;50497
19109;27386;158721;25373;109359;16147;41336;61029
378
379;20;316;488
15913;132903;27871;66885
13355;160623;24519;80835
379
380;140;268;489
11375;129447;8135;44042
9547;156446;6827;48208
380
381;99;141;100;142;181;317;533
15811;22660;131329;27061;99426;18505;34203;50497
19109;27386;158721;25373;109359;16147;41336;61029
381
382;142;318;445
15913;132903;27871;66885
13355;160623;24519;80835
382
383;101;225;446
11375;129447;8135;44042
9547;156446;6827;48208
383
384;61;102;62;103;271;319;491
15811;22660;131329;27061;99426;18505;34203;50497
19109;27386;158721;25373;109359;16147;41336;61029
384
385;103;320;535
15913;132903;27871;66885
13355;160623;24519;80835
385
386;63;183;536
11375;129447;8135;44042
9547;156446;6827;48208
350
351;4;46;5;47;208;297;428
15811;22660;131329;27061;99426;18505;34203;50497
19109;27386;158721;25373;109359;16147;41336;61029
386
387;22;64;23;65;228;321;448
15811;22660;131329;27061;99426;18505;34203;50497
19109;27386;158721;25373;109359;16147;41336;61029
387
388;65;322;493
15913;132903;27871;66885
13355;160623;24519;80835
388
389;24;273;494
11375;129447;8135;44042
9547;156446;6827;48208
389
390;144;25;145;26;186;323;538
15811;22660;131329;27061;99426;18505;34203;50497
19109;27386;158721;25373;109359;16147;41336;61029
390
391;26;324;450
15913;132903;27871;66885
13355;160623;24519;80835
391
392;146;230;451
11375;129447;8135;44042
9547;156446;6827;48208
392
393;105;106;147;148;276;325;496
15811;22660;27061;131329;99426;18505;34203;50497
19109;27386;25373;158721;109359;16147;41336;61029
393
394;148;326;540
15913;132903;27871;66885
13355;160623;24519;80835
394
395;107;188;541
11375;129447;8135;44042
9547;156446;6827;48208
395
396;67;68;108;109;233;327;453
15811;22660;27061;131329;99426;18505;34203;50497
19109;27386;25373;158721;109359;16147;41336;61029
351
352;47;298;473
15913;132903;27871;66885
13355;160623;24519;80835
396
397;109;328;498
15913;132903;27871;66885
13355;160623;24519;80835
397
398;69;278;499
11375;129447;8135;44042
9547;156446;6827;48208
398
399;28;70;29;71;191;329;543
15811;22660;131329;27061;99426;18505;34203;50497
19109;27386;158721;25373;109359;16147;41336;61029
399
400;71;330;455
15913;132903;27871;66885
13355;160623;24519;80835
400
401;30;235;456
11375;129447;8135;44042
9547;156446;6827;48208
401
402;150;151;31;32;281;331;501
15811;22660;27061;131329;99426;18505;34203;50497
19109;27386;25373;158721;109359;16147;41336;61029
402
403;32;332;545
15913;132903;27871;66885
13355;160623;24519;80835
403
404;152;193;546
11375;129447;8135;44042
9547;156446;6827;48208
404
405;111;153;112;154;238;333;458
15811;22660;131329;27061;99426;18505;34203;50497
19109;27386;158721;25373;109359;16147;41336;61029
405
406;154;334;503
15913;132903;27871;66885
13355;160623;24519;80835
352
353;6;253;474
11375;129447;8135;44042
9547;156446;6827;48208
406
407;113;283;504
11375;129447;8135;44042
9547;156446;6827;48208
407
408;73;74;114;115;196;335;548
15811;22660;27061;131329;99426;18505;34203;50497
19109;27386;25373;158721;109359;16147;41336;61029
408
409;115;336;460
15913;132903;27871;66885
13355;160623;24519;80835
409
410;75;240;461
11375;129447;8135;44042
9547;156446;6827;48208
410
411;34;76;35;77;286;337;506
15811;22660;131329;27061;99426;18505;34203;50497
19109;27386;158721;25373;109359;16147;41336;61029
411
412;77;338;550
15913;132903;27871;66885
13355;160623;24519;80835
412
413;36;198;551
11375;129447;8135;44042
9547;156446;6827;48208
413
414;156;157;37;38;243;339;463
15811;22660;27061;131329;99426;18505;34203;50497
19109;27386;25373;158721;109359;16147;41336;61029
414
415;38;340;508
15913;132903;27871;66885
13355;160623;24519;80835
415
416;158;288;509
11375;129447;8135;44042
9547;156446;6827;48208
353
354;126;7;127;8;166;299;518
15811;22660;131329;27061;99426;18505;34203;50497
19109;27386;158721;25373;109359;16147;41336;61029
416
417;117;159;118;160;201;341;553
15811;22660;131329;27061;99426;18505;34203;50497
19109;27386;158721;25373;109359;16147;41336;61029
417
418;160;342;465
15913;132903;27871;66885
13355;160623;24519;80835
418
419;119;245;466
11375;129447;8135;44042
9547;156446;6827;48208
419
420;79;80;120;291;343;511
15811;22660;27061;131329;18505;34203;50497
19109;27386;25373;158721;16147;41336;61029
420
421;344;555
15913;27871;66885
13355;24519;80835
421
422;203;556
11375;8135;44042
9547;6827;48208
422
423;40;248;345;468
15811;22660;18505;34203;50497
19109;27386;16147;41336;61029
423
0
0
0
354
355;8;300;430
15913;132903;27871;66885
13355;160623;24519;80835
355
356;128;210;431
11375;129447;8135;44042
9547;156446;6827;48208
425
426;44;83;124;206;251;296;349
8329;89616;72139;129426;64264;91587;83090;38338
6991;108308;79713;156421;77667;110690;100420;39332
434
435;9;52;53;170
47153;4991;152183;109311;12315
48084;4189;183923;129410;14883
435
436;12;53;133;261;216;308;367
8329;72139;129426;89616;91587;64264;83090;38338
6991;79713;156421;108308;110690;77667;100420;39332
436
437;438;93;92;13;14;262;217;309;369;368
60373;59598;51204;72595;126286;77325;55886;54293;51204;62896;63312
72965;67762;51737;87736;152626;91448;67542;65617;58003;76014;76517
437
438;93;136;483
16982;5121;138603;70354
20523;4298;167512;85027
438
439;95;96;310;371;484
11343;180512;114301;18335;29167;71412
9520;218162;130845;22159;27444;86307
439
440;54;96;97;175
47153;4991;152183;109311;12315
48084;4189;183923;129410;14883
440
441;57;17;97;221;266;314;376
8329;72139;89616;129426;64264;91587;83090;38338
6991;79713;108308;156421;77667;110690;100420;39332
441
442;443;137;138;58;59;222;267;315;378;377
60373;59598;72595;51204;126286;77325;54293;55886;51204;62896;63312
72965;67762;87736;51737;152626;91448;65617;67542;58003;76014;76517
442
443;138;20;488
16982;5121;138603;70354
20523;4298;167512;85027
443
444;140;141;316;380;489
11343;180512;114301;18335;29167;71412
9520;218162;130845;22159;27444;86307
426
427;428;84;3;4;85;207;252;297;350;351
60373;59598;126286;72595;51204;77325;54293;55886;51204;63312;62896
72965;67762;152626;87736;51737;91448;65617;67542;58003;76517;76014
444
445;98;141;142;180
47153;4991;152183;109311;12315
48084;4189;183923;129410;14883
445
446;142;101;62;226;271;320;385
8329;129426;72139;89616;64264;91587;83090;38338
6991;156421;79713;108308;77667;110690;100420;39332
446
447;448;21;102;22;103;272;227;321;387;386
60373;59598;72595;126286;51204;77325;55886;54293;51204;62896;63312
72965;67762;87736;152626;51737;91448;67542;65617;58003;76014;76517
447
448;22;65;493
16982;5121;138603;70354
20523;4298;167512;85027
448
449;24;25;322;389;494
11343;180512;114301;18335;29167;71412
9520;218162;130845;22159;27444;86307
449
450;143;25;26;185
47153;4991;152183;109311;12315
48084;4189;183923;129410;14883
450
451;26;146;106;231;276;326;394
8329;129426;72139;89616;64264;91587;83090;38338
6991;156421;79713;108308;77667;110690;100420;39332
451
452;453;67;66;147;148;277;232;327;395;396
60373;59598;51204;72595;126286;77325;55886;54293;51204;63312;62896
72965;67762;51737;87736;152626;91448;67542;65617;58003;76517;76014
452
453;67;109;498
16982;5121;138603;70354
20523;4298;167512;85027
453
454;70;69;328;398;499
11343;114301;180512;18335;29167;71412
9520;130845;218162;22159;27444;86307
427
428;4;47;473
16982;5121;138603;70354
20523;4298;167512;85027
454
455;27;70;71;190
47153;4991;152183;109311;12315
48084;4189;183923;129410;14883
455
456;30;71;151;281;236;332;403
8329;72139;129426;89616;91587;64264;83090;38338
6991;79713;156421;108308;110690;77667;100420;39332
456
457;458;110;111;31;32;282;237;333;405;404
60373;59598;72595;51204;126286;77325;55886;54293;51204;62896;63312
72965;67762;87736;51737;152626;91448;67542;65617;58003;76014;76517
457
458;111;154;503
16982;5121;138603;70354
20523;4298;167512;85027
458
459;114;113;334;407;504
11343;114301;180512;18335;29167;71412
9520;130845;218162;22159;27444;86307
459
460;72;114;115;195
47153;4991;152183;109311;12315
48084;4189;183923;129410;14883
460
461;35;75;115;286;241;338;412
8329;89616;72139;129426;91587;64264;83090;38338
6991;108308;79713;156421;110690;77667;100420;39332
461
462;463;155;76;156;77;242;287;339;414;413
60373;59598;72595;126286;51204;77325;54293;55886;51204;62896;63312
72965;67762;87736;152626;51737;91448;65617;67542;58003;76014;76517
462
463;156;38;508
16982;5121;138603;70354
20523;4298;167512;85027
463
464;159;158;340;416;509
11343;114301;180512;18335;29167;71412
9520;130845;218162;22159;27444;86307
428
429;7;6;298;353;474
11343;114301;180512;18335;29167;71412
9520;130845;218162;22159;27444;86307
464
465;116;159;160;200
47153;4991;152183;109311;12315
48084;4189;183923;129410;14883
465
466;80;160;119;246;291;344;421
8329;89616;129426;72139;64264;91587;83090;38338
6991;108308;156421;79713;77667;110690;100420;39332
466
467;468;39;40;120;292;247;345;423;422
60373;59598;72595;51204;126286;55886;54293;51204;62896;63312
72965;67762;87736;51737;152626;67542;65617;58003;76014;76517
467
468;40
16982;5121
20523;4298
468
0
0
0
429
430;125;7;8;165
47153;4991;152183;109311;12315
48084;4189;183923;129410;14883
430
431;8;88;128;211;256;302;358
8329;129426;89616;72139;64264;91587;83090;38338
6991;156421;108308;79713;77667;110690;100420;39332
431
432;433;129;48;49;130;212;257;303;360;359
60373;59598;126286;72595;51204;77325;54293;55886;51204;62896;63312
72965;67762;152626;87736;51737;91448;65617;67542;58003;76014;76517
432
433;49;91;478
16982;5121;138603;70354
20523;4298;167512;85027
433
434;51;52;304;362;479
11343;180512;114301;18335;29167;71412
9520;218162;130845;22159;27444;86307
470
471;43;85;515
16982;5121;138603;70354
20523;4298;167512;85027
479
480;481;131;132;52;53;172;260;307;366;365
60373;59598;72595;51204;126286;77325;55886;54293;51204;62896;63312
72965;67762;87736;51737;152626;91448;67542;65617;58003;76014;76517
480
481;132;14;525
16982;5121;138603;70354
20523;4298;167512;85027
481
482;134;135;308;368;526
11343;180512;114301;18335;29167;71412
9520;218162;130845;22159;27444;86307
482
483;92;135;136;217
47153;4991;152183;109311;12315
48084;4189;183923;129410;14883
483
484;56;95;136;176;264;312;373
8329;89616;72139;129426;91587;64264;83090;38338
6991;108308;79713;156421;110690;77667;100420;39332
484
485;486;15;96;16;97;265;177;313;375;374
60373;59598;72595;126286;51204;77325;54293;55886;51204;62896;63312
72965;67762;87736;152626;51737;91448;65617;67542;58003;76014;76517
485
486;16;59;530
16982;5121;138603;70354
20523;4298;167512;85027
486
487;19;18;314;377;531
11343;114301;180512;18335;29167;71412
9520;130845;218162;22159;27444;86307
487
488;137;19;20;222
47153;4991;152183;109311;12315
48084;4189;183923;129410;14883
488
489;20;140;100;269;181;318;382
8329;129426;72139;89616;64264;91587;83090;38338
6991;156421;79713;108308;77667;110690;100420;39332
471
472;45;46;296;350;516
11343;180512;114301;18335;29167;71412
9520;218162;130845;22159;27444;86307
489
490;491;60;141;61;142;270;182;319;384;383
60373;59598;72595;126286;51204;77325;54293;55886;51204;62896;63312
72965;67762;87736;152626;51737;91448;65617;67542;58003;76014;76517
490
491;61;103;535
16982;5121;138603;70354
20523;4298;167512;85027
491
492;64;63;320;386;536
11343;114301;180512;18335;29167;71412
9520;130845;218162;22159;27444;86307
492
493;21;64;65;227
47153;4991;152183;109311;12315
48084;4189;183923;129410;14883
493
494;24;65;145;186;274;324;391
8329;72139;129426;89616;91587;64264;83090;38338
6991;79713;156421;108308;110690;77667;100420;39332
494
495;496;104;25;105;26;275;187;325;393;392
60373;59598;72595;126286;51204;77325;54293;55886;51204;62896;63312
72965;67762;87736;152626;51737;91448;65617;67542;58003;76014;76517
495
496;105;148;540
16982;5121;138603;70354
20523;4298;167512;85027
496
497;107;108;326;395;541
11343;180512;114301;18335;29167;71412
9520;218162;130845;22159;27444;86307
497
498;66;108;109;232
47153;4991;152183;109311;12315
48084;4189;183923;129410;14883
498
499;109;69;29;279;191;330;400
8329;129426;72139;89616;64264;91587;83090;38338
6991;156421;79713;108308;77667;110690;100420;39332
472
473;3;46;47;207
47153;4991;152183;109311;12315
48084;4189;183923;129410;14883
499
500;501;70;149;150;71;280;192;331;401;402
60373;59598;126286;72595;51204;77325;54293;55886;51204;63312;62896
72965;67762;152626;87736;51737;91448;65617;67542;58003;76517;76014
500
501;150;32;545
16982;5121;138603;70354
20523;4298;167512;85027
501
502;152;153;332;404;546
11343;180512;114301;18335;29167;71412
9520;218162;130845;22159;27444;86307
502
503;110;153;154;237
47153;4991;152183;109311;12315
48084;4189;183923;129410;14883
503
504;154;74;113;196;284;336;409
8329;129426;89616;72139;91587;64264;83090;38338
6991;156421;108308;79713;110690;77667;100420;39332
504
505;506;114;33;34;115;285;197;337;411;410
60373;59598;126286;72595;51204;77325;54293;55886;51204;62896;63312
72965;67762;152626;87736;51737;91448;65617;67542;58003;76014;76517
505
506;34;77;550
16982;5121;138603;70354
20523;4298;167512;85027
506
507;37;36;338;413;551
11343;114301;180512;18335;29167;71412
9520;130845;218162;22159;27444;86307
507
508;155;37;38;242
47153;4991;152183;109311;12315
48084;4189;183923;129410;14883
508
509;158;118;38;201;289;342;418
8329;72139;89616;129426;91587;64264;83090;38338
6991;79713;108308;156421;110690;77667;100420;39332
473
474;47;127;6;254;166;300;355
8329;129426;89616;72139;64264;91587;83090;38338
6991;156421;108308;79713;77667;110690;100420;39332
509
510;511;159;78;79;160;290;202;343;420;419
60373;59598;126286;72595;51204;77325;54293;55886;51204;62896;63312
72965;67762;152626;87736;51737;91448;65617;67542;58003;76014;76517
510
511;79;555
16982;5121;70354
20523;4298;85027
511
512;344;422;556
11343;18335;29167;71412
9520;22159;27444;86307
512
0;39;247
0;4991;12315
0;4189;14883
474
475;476;7;86;87;8;167;255;301;356;357
60373;59598;126286;72595;51204;77325;55886;54293;51204;63312;62896
72965;67762;152626;87736;51737;91448;67542;65617;58003;76517;76014
475
476;87;130;520
16982;5121;138603;70354
20523;4298;167512;85027
476
477;89;90;302;359;521
11343;180512;114301;18335;29167;71412
9520;218162;130845;22159;27444;86307
477
478;48;90;91;212
47153;4991;152183;109311;12315
48084;4189;183923;129410;14883
478
479;91;11;51;171;259;306;364
8329;129426;89616;72139;91587;64264;83090;38338
6991;156421;108308;79713;110690;77667;100420;39332
514
515;42;84;85;250
47153;4991;152183;109311;12315
48084;4189;183923;129410;14883
523
524;12;13;306;365;436
11343;180512;114301;18335;29167;71412
9520;218162;130845;22159;27444;86307
524
525;131;13;14;260
47153;4991;152183;109311;12315
48084;4189;183923;129410;14883
525
526;14;134;94;218;174;310;370
8329;129426;72139;89616;91587;64264;83090;38338
6991;156421;79713;108308;110690;77667;100420;39332
526
527;528;55;135;54;136;219;175;311;372;371
60373;59598;51204;126286;72595;77325;55886;54293;51204;62896;63312
72965;67762;51737;152626;87736;91448;67542;65617;58003;76014;76517
527
528;55;97;440
16982;5121;138603;70354
20523;4298;167512;85027
528
529;57;58;312;374;441
11343;180512;114301;18335;29167;71412
9520;218162;130845;22159;27444;86307
529
530;15;58;59;265
47153;4991;152183;109311;12315
48084;4189;183923;129410;14883
530
531;18;59;139;223;179;316;379
8329;72139;129426;89616;91587;64264;83090;38338
6991;79713;156421;108308;110690;77667;100420;39332
531
532;533;99;19;98;20;180;224;317;380;381
60373;59598;51204;126286;72595;77325;54293;55886;51204;63312;62896
72965;67762;51737;152626;87736;91448;65617;67542;58003;76517;76014
532
533;99;142;445
16982;5121;138603;70354
20523;4298;167512;85027
515
516;45;85;5;208;164;298;352
8329;72139;129426;89616;91587;64264;83090;38338
6991;79713;156421;108308;110690;77667;100420;39332
533
534;102;101;318;383;446
11343;114301;180512;18335;29167;71412
9520;130845;218162;22159;27444;86307
534
535;60;102;103;270
47153;4991;152183;109311;12315
48084;4189;183923;129410;14883
535
536;103;63;23;228;184;322;388
8329;129426;72139;89616;91587;64264;83090;38338
6991;156421;79713;108308;110690;77667;100420;39332
536
537;538;143;64;144;65;229;185;323;389;390
60373;59598;72595;126286;51204;77325;55886;54293;51204;63312;62896
72965;67762;87736;152626;51737;91448;67542;65617;58003;76517;76014
537
538;144;26;450
16982;5121;138603;70354
20523;4298;167512;85027
538
539;146;147;324;392;451
11343;180512;114301;18335;29167;71412
9520;218162;130845;22159;27444;86307
539
540;104;147;148;275
47153;4991;152183;109311;12315
48084;4189;183923;129410;14883
540
541;68;107;148;189;233;328;397
8329;89616;72139;129426;64264;91587;83090;38338
6991;108308;79713;156421;77667;110690;100420;39332
541
542;543;28;27;108;109;190;234;329;399;398
60373;59598;51204;72595;126286;77325;54293;55886;51204;62896;63312
72965;67762;51737;87736;152626;91448;65617;67542;58003;76014;76517
542
543;28;71;455
16982;5121;138603;70354
20523;4298;167512;85027
516
517;518;126;46;125;47;209;165;299;353;354
60373;59598;51204;126286;72595;77325;55886;54293;51204;63312;62896
72965;67762;51737;152626;87736;91448;67542;65617;58003;76517;76014
543
544;30;31;330;401;456
11343;180512;114301;18335;29167;71412
9520;218162;130845;22159;27444;86307
544
545;149;31;32;280
47153;4991;152183;109311;12315
48084;4189;183923;129410;14883
545
546;152;112;32;194;238;334;406
8329;72139;89616;129426;64264;91587;83090;38338
6991;79713;108308;156421;77667;110690;100420;39332
546
547;548;73;153;72;154;239;195;335;407;408
60373;59598;51204;126286;72595;77325;55886;54293;51204;63312;62896
72965;67762;51737;152626;87736;91448;67542;65617;58003;76517;76014
547
548;73;115;460
16982;5121;138603;70354
20523;4298;167512;85027
548
549;76;75;336;410;461
11343;114301;180512;18335;29167;71412
9520;130845;218162;22159;27444;86307
549
550;33;76;77;285
47153;4991;152183;109311;12315
48084;4189;183923;129410;14883
550
551;157;36;77;199;243;340;415
8329;89616;72139;129426;64264;91587;83090;38338
6991;108308;79713;156421;77667;110690;100420;39332
551
552;553;116;117;37;38;200;244;341;416;417
60373;59598;72595;51204;126286;77325;54293;55886;51204;63312;62896
72965;67762;87736;51737;152626;91448;65617;67542;58003;76517;76014
552
553;117;160;465
16982;5121;138603;70354
20523;4298;167512;85027
517
518;126;8;430
16982;5121;138603;70354
20523;4298;167512;85027
553
554;120;119;342;419;466
11343;114301;180512;18335;29167;71412
9520;130845;218162;22159;27444;86307
554
555;78;120;290
47153;4991;152183;12315
48084;4189;183923;14883
555
556;248
8329;91587
6991;110690
556
0
0
0
518
519;129;128;300;356;431
11343;114301;180512;18335;29167;71412
9520;130845;218162;22159;27444;86307
519
520;86;129;130;255
47153;4991;152183;109311;12315
48084;4189;183923;129410;14883
520
521;130;50;89;169;213;304;361
8329;129426;89616;72139;64264;91587;83090;38338
6991;156421;108308;79713;77667;110690;100420;39332
521
522;523;9;10;90;91;170;214;305;362;363
60373;59598;72595;51204;126286;77325;54293;55886;51204;63312;62896
72965;67762;87736;51737;152626;91448;65617;67542;58003;76517;76014
522
523;10;53;435
16982;5121;138603;70354
20523;4298;167512;85027
1
2
0
0
41
42
0
0
469
470
0
0
513
514
0
0
81
82
0
0
121
122
0
0
161
162
0
0
204
205
0
0
249
250
0
0
293
294
0
0
346
347
0
0
424
425
0
0
Transshipment arcs;526
2
124
11
133
12
134
13
135
14
136
15
137
16
178;487;315;138;223
17
139
18
140
19
141
20
142
3
125
21
143
22
273;449;323;144;186
23
145
24
146
25
147
26
148
27
149
28
235;544;331;150;281
29
151
30
152
4
253;429;299;126;166
31
153
32
154
33
155
34
198;507;339;156;243
35
157
36
158
37
159
38
160
5
127
6
128
7
129
8
130
9
131
10
215;524;307;132;261
42
3
51
12
52
13
53
14
54
15
55
220;529;313;16;266
56
17
57
18
58
19
59
20
60
21
43
163;472;297;4;208
61
183;492;321;22;228
62
23
63
24
64
25
65
26
66
27
67
278;454;329;28;191
68
29
69
30
70
31
44
5
71
32
72
33
73
240;549;337;34;286
74
35
75
36
76
37
77
38
78
39
79
203;512;345;40;248
45
6
46
7
47
8
48
9
49
258;434;305;10;171
50
11
82
44
91
53
92
54
93
263;439;311;55;176
94
56
95
57
96
58
97
59
98
60
99
225;534;319;61;271
100
62
83
45
101
63
102
64
103
65
104
66
105
188;497;327;67;233
106
68
107
69
108
70
109
71
110
72
84
46
111
283;459;335;73;196
112
74
113
75
114
76
115
77
116
78
117
245;554;343;79;291
118
80
85
47
86
48
87
168;477;303;49;213
88
50
89
51
90
52
122
83
131
92
132
173;482;309;93;218
133
94
134
95
135
96
136
97
137
98
138
268;444;317;99;181
139
100
140
101
123
84
141
102
142
103
143
104
144
230;539;325;105;276
145
106
146
107
147
108
148
109
149
110
150
193;502;333;111;238
124
85
151
112
152
113
153
114
154
115
155
116
156
288;464;341;117;201
157
118
158
119
159
120
125
86
126
210;519;301;87;256
127
88
128
89
129
90
130
91
162
252
171
215;524;307;132;261
172
262
173
309;93;218;263;439
174
264
175
373;265
176
220;529;313;16;266
177
267
178
315;138;223;268;444
179
269
180
382;270
163
297;4;208;253;429
181
225;534;319;61;271
182
272
183
321;22;228;273;449
184
274
185
391;275
186
230;539;325;105;276
187
277
188
327;67;233;278;454
189
279
190
400;280
164
254
191
235;544;331;150;281
192
282
193
333;111;238;283;459
194
284
195
409;285
196
240;549;337;34;286
197
287
198
339;156;243;288;464
199
289
200
418;290
165
355;255
201
245;554;343;79;291
202
292
203
345;40;248
166
210;519;301;87;256
167
257
168
303;49;213;258;434
169
259
170
364;260
205
295;43;251;163;472
214
172
215
307;132;261;173;482
216
174
217
370;175
218
263;439;311;55;176
219
177
220
313;16;266;178;487
221
179
222
379;180
223
268;444;317;99;181
206
164
224
182
225
319;61;271;183;492
226
184
227
388;185
228
273;449;323;144;186
229
187
230
325;105;276;188;497
231
189
232
397;190
233
278;454;329;28;191
207
352;165
234
192
235
331;150;281;193;502
236
194
237
406;195
238
283;459;335;73;196
239
197
240
337;34;286;198;507
241
199
242
415;200
243
288;464;341;117;201
208
253;429;299;126;166
244
202
245
343;79;291;203;512
209
167
210
301;87;256;168;477
211
169
212
361;170
213
258;434;305;10;171
250
349;207
259
216
260
367;217
261
173;482;309;93;218
262
219
263
311;55;176;220;529
264
221
265
376;222
266
178;487;315;138;223
267
224
268
317;99;181;225;534
251
163;472;297;4;208
269
226
270
385;227
271
183;492;321;22;228
272
229
273
323;144;186;230;539
274
231
275
394;232
276
188;497;327;67;233
277
234
278
329;28;191;235;544
252
209
279
236
280
403;237
281
193;502;333;111;238
282
239
283
335;73;196;240;549
284
241
285
412;242
286
198;507;339;156;243
287
244
288
341;117;201;245;554
253
299;126;166;210;519
289
246
290
421;247
291
203;512;345;40;248
254
211
255
358;212
256
168;477;303;49;213
257
214
258
305;10;171;215;524
294
296
303
258;434;305;10;171
304
306
305
215;524;307;132;261
306
308
307
173;482;309;93;218
308
310
309
263;439;311;55;176
310
312
311
220;529;313;16;266
312
314
295
163;472;297;4;208
313
178;487;315;138;223
314
316
315
268;444;317;99;181
316
318
317
225;534;319;61;271
318
320
319
183;492;321;22;228
320
322
321
273;449;323;144;186
322
324
296
298
323
230;539;325;105;276
324
326
325
188;497;327;67;233
326
328
327
278;454;329;28;191
328
330
329
235;544;331;150;281
330
332
331
193;502;333;111;238
332
334
297
253;429;299;126;166
333
283;459;335;73;196
334
336
335
240;549;337;34;286
336
338
337
198;507;339;156;243
338
340
339
288;464;341;117;201
340
342
341
245;554;343;79;291
342
344
298
300
343
203;512;345;40;248
299
210;519;301;87;256
300
302
301
168;477;303;49;213
302
304
347
350
356
359
357
360
358
212;361
359
362
360
363
361
170;364
362
365
363
366
364
260;367
365
368
348
351
366
369
367
217;370
368
371
369
372
370
175;373
371
374
372
375
373
265;376
374
377
375
378
349
207;352
376
222;379
377
380
378
381
379
180;382
380
383
381
384
382
270;385
383
386
384
387
385
227;388
350
353
386
389
387
390
388
185;391
389
392
390
393
391
275;394
392
395
393
396
394
232;397
395
398
351
354
396
399
397
190;400
398
401
399
402
400
280;403
401
404
402
405
403
237;406
404
407
405
408
352
165;355
406
195;409
407
410
408
411
409
285;412
410
413
411
414
412
242;415
413
416
414
417
415
200;418
353
356
416
419
417
420
418
290;421
419
422
420
423
421
247
354
357
355
255;358
425
515
434
305;10;171;215;524
435
525
436
526
437
527
438
528
439
311;55;176;220;529
440
530
441
531
442
532
443
533
426
516
444
317;99;181;225;534
445
535
446
536
447
537
448
538
449
323;144;186;230;539
450
540
451
541
452
542
453
543
427
517
454
329;28;191;235;544
455
545
456
546
457
547
458
548
459
335;73;196;240;549
460
550
461
551
462
552
463
553
428
518
464
341;117;201;245;554
465
555
466
556
429
299;126;166;210;519
430
520
431
521
432
522
433
523
470
427
479
436
480
437
481
438
482
309;93;218;263;439
483
440
484
441
485
442
486
443
487
315;138;223;268;444
488
445
471
428
489
446
490
447
491
448
492
321;22;228;273;449
493
450
494
451
495
452
496
453
497
327;67;233;278;454
498
455
472
297;4;208;253;429
499
456
500
457
501
458
502
333;111;238;283;459
503
460
504
461
505
462
506
463
507
339;156;243;288;464
508
465
473
430
509
466
510
467
511
468
512
345;40;248
474
431
475
432
476
433
477
303;49;213;258;434
478
435
514
295;43;251;163;472
523
481
524
307;132;261;173;482
525
483
526
484
527
485
528
486
529
313;16;266;178;487
530
488
531
489
532
490
515
473
533
491
534
319;61;271;183;492
535
493
536
494
537
495
538
496
539
325;105;276;188;497
540
498
541
499
542
500
516
474
543
501
544
331;150;281;193;502
545
503
546
504
547
505
548
506
549
337;34;286;198;507
550
508
551
509
552
510
517
475
553
511
554
343;79;291;203;512
518
476
519
301;87;256;168;477
520
478
521
479
522
480
