Sailing arcs;474
2
3;220;333;366;399
2340;60999;40124;108041;63866
2788;50472;33200;95797;52845
11
12;404
19771;30222
16359;29167
101
102;458
19771;30222
16359;29167
102
103;165;358;391;459
2340;60999;40124;108041;63866
2788;50472;33200;95797;52845
103
104;254;391;359
2149;37608;132729;117344
2561;31630;109823;104806
104
105;166;391;359;460
13066;14389;159504;135741;21792
12121;17144;131978;112315;24403
105
106;359
5242;195751
4337;161969
106
107;461
19771;30222
16359;29167
107
108;255;324;360;462
2340;60999;40124;108041;63866
2788;50472;33200;95797;52845
108
109;211;360;325
2149;37608;132729;117344
2561;31630;109823;104806
109
110;256;360;325;463
13066;14389;159504;135741;21792
12121;17144;131978;112315;24403
110
111;325
5242;195751
4337;161969
12
13;135;268;301;405
2340;60999;40124;108041;63866
2788;50472;33200;95797;52845
111
112;464
19771;30222
16359;29167
112
113;212;293;326;465
2340;60999;40124;108041;63866
2788;50472;33200;95797;52845
113
114;169;326;294
2149;37608;132729;117344
2561;31630;109823;104806
114
115;213;326;294;466
13066;14389;159504;135741;21792
12121;17144;131978;112315;24403
115
116;294
5242;195751
4337;161969
116
117;467
19771;30222
16359;29167
117
118;170;394;295;468
2340;60999;40124;108041;63866
2788;50472;33200;95797;52845
118
119;259;295;395
2149;37608;132729;117344
2561;31630;109823;104806
119
120;171;295;395;469
13066;14389;159504;135741;21792
12121;17144;131978;112315;24403
120
121;395
5242;195751
4337;161969
13
14;224;301;269
2149;37608;132729;117344
2561;31630;109823;104806
121
122;470
19771;30222
16359;29167
122
123;260;363;396;471
2340;60999;40124;108041;63866
2788;50472;33200;95797;52845
123
124;216;396
2149;37608;132729
2561;31630;109823
124
125;261;396;472
13066;14389;159504;21792
12121;17144;131978;24403
125
126
5242
4337
126
127;473
19771;30222
16359;29167
127
128;217;329;474
2340;60999;40124;63866
2788;50472;33200;52845
128
129
2149
2561
129
130;218
13066;14389
12121;17144
130
0
0
0
14
15;136;301;269;406
13066;14389;159504;135741;21792
12121;17144;131978;112315;24403
15
16;269
5242;195751
4337;161969
16
17;407
19771;30222
16359;29167
17
18;225;369;270;408
2340;60999;40124;108041;63866
2788;50472;33200;95797;52845
18
19;181;270;370
2149;37608;132729;117344
2561;31630;109823;104806
19
20;226;270;370;409
13066;14389;159504;135741;21792
12121;17144;131978;112315;24403
20
21;370
5242;195751
4337;161969
3
4;176;366;334
2149;37608;132729;117344
2561;31630;109823;104806
21
22;410
19771;30222
16359;29167
22
23;182;338;371;411
2340;60999;40124;108041;63866
2788;50472;33200;95797;52845
23
24;139;371;339
2149;37608;132729;117344
2561;31630;109823;104806
24
25;183;371;339;412
13066;14389;159504;135741;21792
12121;17144;131978;112315;24403
25
26;339
5242;195751
4337;161969
26
27;413
19771;30222
16359;29167
27
28;140;304;340;414
2340;60999;40124;108041;63866
2788;50472;33200;95797;52845
28
29;229;340;305
2149;37608;132729;117344
2561;31630;109823;104806
29
30;141;340;305;415
13066;14389;159504;135741;21792
12121;17144;131978;112315;24403
30
31;305
5242;195751
4337;161969
4
5;221;366;334;400
13066;14389;159504;135741;21792
12121;17144;131978;112315;24403
31
32;416
19771;30222
16359;29167
32
33;230;273;306;417
2340;60999;40124;108041;63866
2788;50472;33200;95797;52845
33
34;186;306;274
2149;37608;132729;117344
2561;31630;109823;104806
34
35;231;306;274;418
13066;14389;159504;135741;21792
12121;17144;131978;112315;24403
35
36;274
5242;195751
4337;161969
36
37;419
19771;30222
16359;29167
37
38;187;374;275;420
2340;60999;40124;108041;63866
2788;50472;33200;95797;52845
38
39;144;275;375
2149;37608;132729;117344
2561;31630;109823;104806
39
40;188;275;375;421
13066;14389;159504;135741;21792
12121;17144;131978;112315;24403
40
41;375
5242;195751
4337;161969
5
6;334
5242;195751
4337;161969
41
42;422
19771;30222
16359;29167
42
43;145;343;376;423
2340;60999;40124;108041;63866
2788;50472;33200;95797;52845
43
44;234;376;344
2149;37608;132729;117344
2561;31630;109823;104806
44
45;146;376;344;424
13066;14389;159504;135741;21792
12121;17144;131978;112315;24403
45
46;344
5242;195751
4337;161969
46
47;425
19771;30222
16359;29167
47
48;235;309;345;426
2340;60999;40124;108041;63866
2788;50472;33200;95797;52845
48
49;191;345;310
2149;37608;132729;117344
2561;31630;109823;104806
49
50;236;345;310;427
13066;14389;159504;135741;21792
12121;17144;131978;112315;24403
50
51;310
5242;195751
4337;161969
6
7;401
19771;30222
16359;29167
51
52;428
19771;30222
16359;29167
52
53;192;278;311;429
2340;60999;40124;108041;63866
2788;50472;33200;95797;52845
53
54;149;311;279
2149;37608;132729;117344
2561;31630;109823;104806
54
55;193;311;279;430
13066;14389;159504;135741;21792
12121;17144;131978;112315;24403
55
56;279
5242;195751
4337;161969
56
57;431
19771;30222
16359;29167
57
58;150;379;280;432
2340;60999;40124;108041;63866
2788;50472;33200;95797;52845
58
59;239;280;380
2149;37608;132729;117344
2561;31630;109823;104806
59
60;151;280;380;433
13066;14389;159504;135741;21792
12121;17144;131978;112315;24403
60
61;380
5242;195751
4337;161969
7
8;177;299;335;402
2340;60999;40124;108041;63866
2788;50472;33200;95797;52845
61
62;434
19771;30222
16359;29167
62
63;240;348;381;435
2340;60999;40124;108041;63866
2788;50472;33200;95797;52845
63
64;196;381;349
2149;37608;132729;117344
2561;31630;109823;104806
64
65;241;381;349;436
13066;14389;159504;135741;21792
12121;17144;131978;112315;24403
65
66;349
5242;195751
4337;161969
66
67;437
19771;30222
16359;29167
67
68;197;314;350;438
2340;60999;40124;108041;63866
2788;50472;33200;95797;52845
68
69;154;350;315
2149;37608;132729;117344
2561;31630;109823;104806
69
70;198;350;315;439
13066;14389;159504;135741;21792
12121;17144;131978;112315;24403
70
71;315
5242;195751
4337;161969
8
9;134;335;300
2149;37608;132729;117344
2561;31630;109823;104806
71
72;440
19771;30222
16359;29167
72
73;155;283;316;441
2340;60999;40124;108041;63866
2788;50472;33200;95797;52845
73
74;244;316;284
2149;37608;132729;117344
2561;31630;109823;104806
74
75;156;316;284;442
13066;14389;159504;135741;21792
12121;17144;131978;112315;24403
75
76;284
5242;195751
4337;161969
76
77;443
19771;30222
16359;29167
77
78;245;384;285;444
2340;60999;40124;108041;63866
2788;50472;33200;95797;52845
78
79;201;285;385
2149;37608;132729;117344
2561;31630;109823;104806
79
80;246;285;385;445
13066;14389;159504;135741;21792
12121;17144;131978;112315;24403
80
81;385
5242;195751
4337;161969
9
10;178;335;300;403
13066;14389;159504;135741;21792
12121;17144;131978;112315;24403
81
82;446
19771;30222
16359;29167
82
83;202;353;386;447
2340;60999;40124;108041;63866
2788;50472;33200;95797;52845
83
84;159;386;354
2149;37608;132729;117344
2561;31630;109823;104806
84
85;203;386;354;448
13066;14389;159504;135741;21792
12121;17144;131978;112315;24403
85
86;354
5242;195751
4337;161969
86
87;449
19771;30222
16359;29167
87
88;160;319;355;450
2340;60999;40124;108041;63866
2788;50472;33200;95797;52845
88
89;249;355;320
2149;37608;132729;117344
2561;31630;109823;104806
89
90;161;355;320;451
13066;14389;159504;135741;21792
12121;17144;131978;112315;24403
90
91;320
5242;195751
4337;161969
10
11;300
5242;195751
4337;161969
91
92;452
19771;30222
16359;29167
92
93;250;288;321;453
2340;60999;40124;108041;63866
2788;50472;33200;95797;52845
93
94;206;321;289
2149;37608;132729;117344
2561;31630;109823;104806
94
95;251;321;289;454
13066;14389;159504;135741;21792
12121;17144;131978;112315;24403
95
96;289
5242;195751
4337;161969
96
97;455
19771;30222
16359;29167
97
98;207;389;290;456
2340;60999;40124;108041;63866
2788;50472;33200;95797;52845
98
99;164;290;390
2149;37608;132729;117344
2561;31630;109823;104806
99
100;208;290;390;457
13066;14389;159504;135741;21792
12121;17144;131978;112315;24403
100
101;390
5242;195751
4337;161969
132
133;8;9;366;334
18033;45534;32266;183276;140850
21487;37676;33153;151647;116543
141
142;32;33
18033;35079;14851
21487;29025;17695
142
143;38;39;306;274
18033;45534;32266;183276;140850
21487;37676;33153;151647;116543
143
144;187;374;275
19040;9753;3101;109161
22686;8135;3695;90323
144
145;45;343
12866;32899;50831
15329;31468;42059
145
146;46;234;376;344
6827;31582;22210;139357;121525
8135;26132;18377;115308;100553
146
147;47;48
18033;35079;14851
21487;29025;17695
147
148;54;53;345;310
18033;32266;45534;183276;140850
21487;33153;37676;151647;116543
148
149;192;278;311
19040;9753;3101;109161
22686;8135;3695;90323
149
150;60;379
12866;32899;50831
15329;31468;42059
150
151;61;239;280;380
6827;31582;22210;139357;121525
8135;26132;18377;115308;100553
133
134;177;299;335
19040;9753;3101;109161
22686;8135;3695;90323
151
152;63;62
18033;14851;35079
21487;17695;29025
152
153;69;68;381;349
18033;32266;45534;183276;140850
21487;33153;37676;151647;116543
153
154;197;314;350
19040;9753;3101;109161
22686;8135;3695;90323
154
155;75;283
12866;32899;50831
15329;31468;42059
155
156;76;244;316;284
6827;31582;22210;139357;121525
8135;26132;18377;115308;100553
156
157;78;77
18033;14851;35079
21487;17695;29025
157
158;84;83;285;385
18033;32266;45534;183276;140850
21487;33153;37676;151647;116543
158
159;202;353;386
19040;9753;3101;109161
22686;8135;3695;90323
159
160;90;319
12866;32899;50831
15329;31468;42059
160
161;91;249;355;320
6827;31582;22210;139357;121525
8135;26132;18377;115308;100553
134
135;15;268
12866;32899;50831
15329;31468;42059
161
162;93;92
18033;14851;35079
21487;17695;29025
162
163;99;98;321;289
18033;32266;45534;183276;140850
21487;33153;37676;151647;116543
163
164;207;389;290
19040;9753;3101;109161
22686;8135;3695;90323
164
165;105;358
12866;32899;50831
15329;31468;42059
165
166;106;254;391;359
6827;31582;22210;139357;121525
8135;26132;18377;115308;100553
166
167;107;108
18033;35079;14851
21487;29025;17695
167
168;113;114;360;325
18033;45534;32266;183276;140850
21487;37676;33153;151647;116543
168
169;212;293;326
19040;9753;3101;109161
22686;8135;3695;90323
169
170;120;394
12866;32899;50831
15329;31468;42059
170
171;121;259;295;395
6827;31582;22210;139357;121525
8135;26132;18377;115308;100553
135
136;16;224;301;269
6827;31582;22210;139357;121525
8135;26132;18377;115308;100553
171
172;122;123
18033;35079;14851
21487;29025;17695
172
173;128;129;396
18033;45534;32266;183276
21487;37676;33153;151647
173
0;217;329
0;9753;3101
0;8135;3695
136
137;17;18
18033;35079;14851
21487;29025;17695
137
138;24;23;270;370
18033;32266;45534;183276;140850
21487;33153;37676;151647;116543
138
139;182;338;371
19040;9753;3101;109161
22686;8135;3695;90323
139
140;30;304
12866;32899;50831
15329;31468;42059
140
141;31;229;340;305
6827;31582;22210;139357;121525
8135;26132;18377;115308;100553
175
176;220;333;366
19040;9753;3101;109161
22686;8135;3695;90323
184
185;33;34;340;305
18033;45534;32266;183276;140850
21487;37676;33153;151647;116543
185
186;230;273;306
19040;9753;3101;109161
22686;8135;3695;90323
186
187;40;374
12866;32899;50831
15329;31468;42059
187
188;41;144;275;375
6827;31582;22210;139357;121525
8135;26132;18377;115308;100553
188
189;42;43
18033;35079;14851
21487;29025;17695
189
190;48;49;376;344
18033;45534;32266;183276;140850
21487;37676;33153;151647;116543
190
191;235;309;345
19040;9753;3101;109161
22686;8135;3695;90323
191
192;55;278
12866;32899;50831
15329;31468;42059
192
193;56;149;311;279
6827;31582;22210;139357;121525
8135;26132;18377;115308;100553
193
194;58;57
18033;14851;35079
21487;17695;29025
176
177;10;299
12866;32899;50831
15329;31468;42059
194
195;63;64;280;380
18033;45534;32266;183276;140850
21487;37676;33153;151647;116543
195
196;240;348;381
19040;9753;3101;109161
22686;8135;3695;90323
196
197;70;314
12866;32899;50831
15329;31468;42059
197
198;71;154;350;315
6827;31582;22210;139357;121525
8135;26132;18377;115308;100553
198
199;72;73
18033;35079;14851
21487;29025;17695
199
200;78;79;316;284
18033;45534;32266;183276;140850
21487;37676;33153;151647;116543
200
201;245;384;285
19040;9753;3101;109161
22686;8135;3695;90323
201
202;85;353
12866;32899;50831
15329;31468;42059
202
203;86;159;386;354
6827;31582;22210;139357;121525
8135;26132;18377;115308;100553
203
204;87;88
18033;35079;14851
21487;29025;17695
177
178;11;134;335;300
6827;31582;22210;139357;121525
8135;26132;18377;115308;100553
204
205;94;93;355;320
18033;32266;45534;183276;140850
21487;33153;37676;151647;116543
205
206;250;288;321
19040;9753;3101;109161
22686;8135;3695;90323
206
207;100;389
12866;32899;50831
15329;31468;42059
207
208;101;164;290;390
6827;31582;22210;139357;121525
8135;26132;18377;115308;100553
208
209;102;103
18033;35079;14851
21487;29025;17695
209
210;109;108;391;359
18033;32266;45534;183276;140850
21487;33153;37676;151647;116543
210
211;255;324;360
19040;9753;3101;109161
22686;8135;3695;90323
211
212;115;293
12866;32899;50831
15329;31468;42059
212
213;116;169;326;294
6827;31582;22210;139357;121525
8135;26132;18377;115308;100553
213
214;117;118
18033;35079;14851
21487;29025;17695
178
179;12;13
18033;35079;14851
21487;29025;17695
214
215;124;123;295;395
18033;32266;45534;183276;140850
21487;33153;37676;151647;116543
215
216;260;363;396
19040;9753;3101;109161
22686;8135;3695;90323
216
217;130;329
12866;32899;50831
15329;31468;42059
217
218
6827
8135
218
0
0
0
179
180;19;18;301;269
18033;32266;45534;183276;140850
21487;33153;37676;151647;116543
180
181;225;369;270
19040;9753;3101;109161
22686;8135;3695;90323
181
182;25;338
12866;32899;50831
15329;31468;42059
182
183;26;139;371;339
6827;31582;22210;139357;121525
8135;26132;18377;115308;100553
183
184;28;27
18033;14851;35079
21487;17695;29025
220
221;6;176;366;334
6827;31582;22210;139357;121525
8135;26132;18377;115308;100553
229
230;35;273
12866;32899;50831
15329;31468;42059
230
231;36;186;306;274
6827;31582;22210;139357;121525
8135;26132;18377;115308;100553
231
232;38;37
18033;14851;35079
21487;17695;29025
232
233;44;43;275;375
18033;32266;45534;183276;140850
21487;33153;37676;151647;116543
233
234;145;343;376
19040;9753;3101;109161
22686;8135;3695;90323
234
235;50;309
12866;32899;50831
15329;31468;42059
235
236;51;191;345;310
6827;31582;22210;139357;121525
8135;26132;18377;115308;100553
236
237;53;52
18033;14851;35079
21487;17695;29025
237
238;59;58;311;279
18033;32266;45534;183276;140850
21487;33153;37676;151647;116543
238
239;150;379;280
19040;9753;3101;109161
22686;8135;3695;90323
221
222;8;7
18033;14851;35079
21487;17695;29025
239
240;65;348
12866;32899;50831
15329;31468;42059
240
241;66;196;381;349
6827;31582;22210;139357;121525
8135;26132;18377;115308;100553
241
242;67;68
18033;35079;14851
21487;29025;17695
242
243;74;73;350;315
18033;32266;45534;183276;140850
21487;33153;37676;151647;116543
243
244;155;283;316
19040;9753;3101;109161
22686;8135;3695;90323
244
245;80;384
12866;32899;50831
15329;31468;42059
245
246;81;201;285;385
6827;31582;22210;139357;121525
8135;26132;18377;115308;100553
246
247;83;82
18033;14851;35079
21487;17695;29025
247
248;89;88;386;354
18033;32266;45534;183276;140850
21487;33153;37676;151647;116543
248
249;160;319;355
19040;9753;3101;109161
22686;8135;3695;90323
222
223;14;13;335;300
18033;32266;45534;183276;140850
21487;33153;37676;151647;116543
249
250;95;288
12866;32899;50831
15329;31468;42059
250
251;96;206;321;289
6827;31582;22210;139357;121525
8135;26132;18377;115308;100553
251
252;98;97
18033;14851;35079
21487;17695;29025
252
253;103;104;290;390
18033;45534;32266;183276;140850
21487;37676;33153;151647;116543
253
254;165;358;391
19040;9753;3101;109161
22686;8135;3695;90323
254
255;110;324
12866;32899;50831
15329;31468;42059
255
256;111;211;360;325
6827;31582;22210;139357;121525
8135;26132;18377;115308;100553
256
257;113;112
18033;14851;35079
21487;17695;29025
257
258;119;118;326;294
18033;32266;45534;183276;140850
21487;33153;37676;151647;116543
258
259;170;394;295
19040;9753;3101;109161
22686;8135;3695;90323
223
224;135;268;301
19040;9753;3101;109161
22686;8135;3695;90323
259
260;125;363
12866;32899;50831
15329;31468;42059
260
261;126;216;396
6827;31582;22210;139357
8135;26132;18377;115308
261
262;127;128
18033;35079;14851
21487;29025;17695
262
0
0
0
224
225;20;369
12866;32899;50831
15329;31468;42059
225
226;21;181;270;370
6827;31582;22210;139357;121525
8135;26132;18377;115308;100553
226
227;22;23
18033;35079;14851
21487;29025;17695
227
228;28;29;371;339
18033;45534;32266;183276;140850
21487;37676;33153;151647;116543
228
229;140;304;340
19040;9753;3101;109161
22686;8135;3695;90323
264
265;10;11;177;178;222;299;402;401
52991;155998;134182;169733;130801;130123;226248;117347;141219
43846;129077;111025;140441;108228;107667;187203;97096;116848
273
274;35;186;306
131337;14964;36886;140130
108672;12382;30520;115947
274
275;50;51;147;235;236;309;425;426
52991;155998;134182;130123;169733;130801;226248;141219;117347
43846;129077;111025;107667;140441;108228;187203;116848;97096
275
276;51;53;52;191;236;427
166927;235744;113321;131657;130108;190733;126727
138119;195060;96056;108936;107655;157817;104857
276
277;53;237;148;428;429
8269;17214;27943;9087;42556;38557
9852;14244;27709;9852;35212;32667
277
278;192;311
3101;6882;105461
3695;8135;89737
278
279;55;149;311
131337;14964;36886;140130
108672;12382;30520;115947
279
280;70;71;197;242;198;314;438;437
52991;155998;134182;169733;130123;130801;226248;117347;141219
43846;129077;111025;140441;107667;108228;187203;97096;116848
280
281;71;72;73;154;198;439
166927;235744;131657;113321;130108;190733;126727
138119;195060;108936;96056;107655;157817;104857
281
282;73;243;199;441;440
8269;17214;9087;27943;38557;42556
9852;14244;9852;27709;32667;35212
282
283;155;316
3101;6882;105461
3695;8135;89737
265
266;11;12;13;134;178;403
166927;235744;131657;113321;130108;190733;126727
138119;195060;108936;96056;107655;157817;104857
283
284;75;244;316
131337;14964;36886;140130
108672;12382;30520;115947
284
285;91;90;160;204;161;319;449;450
52991;134182;155998;169733;130123;130801;226248;141219;117347
43846;111025;129077;140441;107667;108228;187203;116848;97096
285
286;91;93;92;249;161;451
166927;235744;113321;131657;130108;190733;126727
138119;195060;96056;108936;107655;157817;104857
286
287;93;205;162;452;453
8269;17214;9087;27943;42556;38557
9852;14244;9852;27709;35212;32667
287
288;250;321
3101;6882;105461
3695;8135;89737
288
289;95;206;321
131337;14964;36886;140130
108672;12382;30520;115947
289
290;111;110;256;167;255;324;462;461
52991;134182;155998;130801;130123;169733;226248;117347;141219
43846;111025;129077;108228;107667;140441;187203;97096;116848
290
291;111;113;112;211;256;463
166927;235744;113321;131657;130108;190733;126727
138119;195060;96056;108936;107655;157817;104857
291
292;113;168;257;465;464
8269;17214;9087;27943;38557;42556
9852;14244;9852;27709;32667;35212
292
293;212;326
3101;6882;105461
3695;8135;89737
266
267;13;179;223;405;404
8269;17214;27943;9087;38557;42556
9852;14244;27709;9852;32667;35212
293
294;115;169;326
131337;14964;36886;140130
108672;12382;30520;115947
294
295;130;262;218;217;329;473;474
52991;155998;130123;130801;169733;226248;141219;117347
43846;129077;107667;108228;140441;187203;116848;97096
295
0;218
0;190733
0;157817
267
268;135;301
3101;6882;105461
3695;8135;89737
268
269;15;224;301
131337;14964;36886;140130
108672;12382;30520;115947
269
270;31;30;141;184;140;304;413;414
52991;134182;155998;130801;130123;169733;226248;141219;117347
43846;111025;129077;108228;107667;140441;187203;116848;97096
270
271;31;32;33;141;229;415
166927;235744;131657;113321;190733;130108;126727
138119;195060;108936;96056;157817;107655;104857
271
272;33;142;185;416;417
8269;17214;27943;9087;42556;38557
9852;14244;27709;9852;35212;32667
272
273;230;306
3101;6882;105461
3695;8135;89737
297
298;8;133;222;402;401
8269;17214;9087;27943;38557;42556
9852;14244;9852;27709;32667;35212
306
307;46;47;48;146;234;424
166927;235744;131657;113321;190733;130108;126727
138119;195060;108936;96056;157817;107655;104857
307
308;48;147;190;425;426
8269;17214;27943;9087;42556;38557
9852;14244;27709;9852;35212;32667
308
309;235;345
3101;6882;105461
3695;8135;89737
309
310;50;191;345
131337;14964;36886;140130
108672;12382;30520;115947
310
311;65;66;241;240;152;348;435;434
52991;155998;134182;130801;169733;130123;226248;117347;141219
43846;129077;111025;108228;140441;107667;187203;97096;116848
311
312;66;67;68;241;196;436
166927;235744;131657;113321;190733;130108;126727
138119;195060;108936;96056;157817;107655;104857
312
313;68;153;242;438;437
8269;17214;9087;27943;38557;42556
9852;14244;9852;27709;32667;35212
313
314;197;350
3101;6882;105461
3695;8135;89737
314
315;70;154;350
131337;14964;36886;140130
108672;12382;30520;115947
315
316;85;86;203;202;247;353;446;447
52991;155998;134182;130801;169733;130123;226248;141219;117347
43846;129077;111025;108228;140441;107667;187203;116848;97096
298
299;177;335
3101;6882;105461
3695;8135;89737
316
317;86;87;88;203;159;448
166927;235744;131657;113321;190733;130108;126727
138119;195060;108936;96056;157817;107655;104857
317
318;88;248;204;449;450
8269;17214;9087;27943;42556;38557
9852;14244;9852;27709;35212;32667
318
319;160;355
3101;6882;105461
3695;8135;89737
319
320;90;249;355
131337;14964;36886;140130
108672;12382;30520;115947
320
321;106;105;165;166;209;358;459;458
52991;134182;155998;169733;130801;130123;226248;117347;141219
43846;111025;129077;140441;108228;107667;187203;97096;116848
321
322;106;107;108;254;166;460
166927;235744;131657;113321;130108;190733;126727
138119;195060;108936;96056;107655;157817;104857
322
323;108;167;210;462;461
8269;17214;27943;9087;38557;42556
9852;14244;27709;9852;32667;35212
323
324;255;360
3101;6882;105461
3695;8135;89737
324
325;110;211;360
131337;14964;36886;140130
108672;12382;30520;115947
325
326;126;125;261;172;260;363;470;471
52991;134182;155998;130801;130123;169733;226248;141219;117347
43846;111025;129077;108228;107667;140441;187203;116848;97096
299
300;10;134;335
131337;14964;36886;140130
108672;12382;30520;115947
326
327;126;127;128;261;216;472
166927;235744;131657;113321;190733;130108;126727
138119;195060;108936;96056;157817;107655;104857
327
328;128;262;173;473;474
8269;17214;27943;9087;42556;38557
9852;14244;27709;9852;35212;32667
328
329;217
3101;6882
3695;8135
329
0;130
0;14964
0;12382
300
301;26;25;183;182;227;338;410;411
52991;134182;155998;130801;169733;130123;226248;141219;117347
43846;111025;129077;108228;140441;107667;187203;116848;97096
301
302;26;28;27;139;183;412
166927;235744;113321;131657;130108;190733;126727
138119;195060;96056;108936;107655;157817;104857
302
303;28;184;228;413;414
8269;17214;27943;9087;42556;38557
9852;14244;27709;9852;35212;32667
303
304;140;340
3101;6882;105461
3695;8135;89737
304
305;30;229;340
131337;14964;36886;140130
108672;12382;30520;115947
305
306;45;46;189;146;145;343;423;422
52991;155998;134182;130123;130801;169733;226248;117347;141219
43846;129077;111025;107667;108228;140441;187203;97096;116848
331
332;3;132;175;399;398
8269;17214;27943;9087;38557;42556
9852;14244;27709;9852;32667;35212
340
341;41;42;43;144;188;421
166927;235744;131657;113321;130108;190733;126727
138119;195060;108936;96056;107655;157817;104857
341
342;43;189;233;423;422
8269;17214;27943;9087;38557;42556
9852;14244;27709;9852;32667;35212
342
343;145;376
3101;6882;105461
3695;8135;89737
343
344;45;234;376
131337;14964;36886;140130
108672;12382;30520;115947
344
345;61;60;194;150;151;379;431;432
52991;134182;155998;130123;169733;130801;226248;141219;117347
43846;111025;129077;107667;140441;108228;187203;116848;97096
345
346;61;63;62;239;151;433
166927;235744;113321;131657;130108;190733;126727
138119;195060;96056;108936;107655;157817;104857
346
347;63;152;195;435;434
8269;17214;27943;9087;38557;42556
9852;14244;27709;9852;32667;35212
347
348;240;381
3101;6882;105461
3695;8135;89737
348
349;65;196;381
131337;14964;36886;140130
108672;12382;30520;115947
349
350;80;81;245;157;246;384;443;444
52991;155998;134182;169733;130123;130801;226248;141219;117347
43846;129077;111025;140441;107667;108228;187203;116848;97096
332
333;220;366
3101;6882;105461
3695;8135;89737
350
351;81;83;82;201;246;445
166927;235744;113321;131657;130108;190733;126727
138119;195060;96056;108936;107655;157817;104857
351
352;83;158;247;446;447
8269;17214;9087;27943;42556;38557
9852;14244;9852;27709;35212;32667
352
353;202;386
3101;6882;105461
3695;8135;89737
353
354;85;159;386
131337;14964;36886;140130
108672;12382;30520;115947
354
355;100;101;207;208;252;389;455;456
52991;155998;134182;169733;130801;130123;226248;141219;117347
43846;129077;111025;140441;108228;107667;187203;116848;97096
355
356;101;102;103;208;164;457
166927;235744;131657;113321;190733;130108;126727
138119;195060;108936;96056;157817;107655;104857
356
357;103;253;209;459;458
8269;17214;9087;27943;38557;42556
9852;14244;9852;27709;32667;35212
357
358;165;391
3101;6882;105461
3695;8135;89737
358
359;105;254;391
131337;14964;36886;140130
108672;12382;30520;115947
359
360;121;120;214;170;171;394;467;468
52991;134182;155998;130123;169733;130801;226248;141219;117347
43846;111025;129077;107667;140441;108228;187203;116848;97096
333
334;5;176;366
131337;14964;36886;140130
108672;12382;30520;115947
360
361;121;122;123;259;171;469
166927;235744;131657;113321;130108;190733;126727
138119;195060;108936;96056;107655;157817;104857
361
362;123;172;215;470;471
8269;17214;27943;9087;42556;38557
9852;14244;27709;9852;35212;32667
362
363;260;396
3101;6882;105461
3695;8135;89737
363
0;125;216;396
0;14964;36886;140130
0;12382;30520;115947
334
335;21;20;225;137;226;369;407;408
52991;134182;155998;169733;130123;130801;226248;141219;117347
43846;111025;129077;140441;107667;108228;187203;116848;97096
335
336;21;22;23;181;226;409
166927;235744;131657;113321;130108;190733;126727
138119;195060;108936;96056;107655;157817;104857
336
337;23;227;138;410;411
8269;17214;27943;9087;42556;38557
9852;14244;27709;9852;35212;32667
337
338;182;371
3101;6882;105461
3695;8135;89737
338
339;25;139;371
131337;14964;36886;140130
108672;12382;30520;115947
339
340;41;40;232;187;188;374;419;420
52991;134182;155998;130123;169733;130801;226248;141219;117347
43846;111025;129077;107667;140441;108228;187203;116848;97096
365
366;15;16;135;136;179;268;405;404
52991;155998;134182;169733;130801;130123;226248;117347;141219
43846;129077;111025;140441;108228;107667;187203;97096;116848
374
375;40;144;275
131337;14964;36886;140130
108672;12382;30520;115947
375
376;55;56;192;193;237;278;428;429
52991;155998;134182;169733;130801;130123;226248;141219;117347
43846;129077;111025;140441;108228;107667;187203;116848;97096
376
377;56;58;57;193;149;430
166927;235744;113321;131657;190733;130108;126727
138119;195060;96056;108936;157817;107655;104857
377
378;58;194;238;431;432
8269;17214;27943;9087;42556;38557
9852;14244;27709;9852;35212;32667
378
379;150;280
3101;6882;105461
3695;8135;89737
379
380;60;239;280
131337;14964;36886;140130
108672;12382;30520;115947
380
381;76;75;155;156;199;283;441;440
52991;134182;155998;169733;130801;130123;226248;117347;141219
43846;111025;129077;140441;108228;107667;187203;97096;116848
381
382;76;78;77;244;156;442
166927;235744;113321;131657;130108;190733;126727
138119;195060;96056;108936;107655;157817;104857
382
383;78;157;200;443;444
8269;17214;27943;9087;42556;38557
9852;14244;27709;9852;35212;32667
383
384;245;285
3101;6882;105461
3695;8135;89737
366
367;16;17;18;136;224;406
166927;235744;131657;113321;190733;130108;126727
138119;195060;108936;96056;157817;107655;104857
384
385;80;201;285
131337;14964;36886;140130
108672;12382;30520;115947
385
386;96;95;251;250;162;288;452;453
52991;134182;155998;130801;169733;130123;226248;141219;117347
43846;111025;129077;108228;140441;107667;187203;116848;97096
386
387;96;98;97;251;206;454
166927;235744;113321;131657;190733;130108;126727
138119;195060;96056;108936;157817;107655;104857
387
388;98;252;163;455;456
8269;17214;27943;9087;42556;38557
9852;14244;27709;9852;35212;32667
388
389;207;290
3101;6882;105461
3695;8135;89737
389
390;100;164;290
131337;14964;36886;140130
108672;12382;30520;115947
390
391;115;116;257;213;212;293;465;464
52991;155998;134182;130123;130801;169733;226248;117347;141219
43846;129077;111025;107667;108228;140441;187203;97096;116848
391
392;116;117;118;169;213;466
166927;235744;131657;113321;130108;190733;126727
138119;195060;108936;96056;107655;157817;104857
392
393;118;258;214;467;468
8269;17214;9087;27943;42556;38557
9852;14244;9852;27709;35212;32667
393
394;170;295
3101;6882;105461
3695;8135;89737
367
368;18;137;180;407;408
8269;17214;27943;9087;42556;38557
9852;14244;27709;9852;35212;32667
394
395;120;259;295
131337;14964;36886;140130
108672;12382;30520;115947
395
396
52991
43846
396
0
0
0
368
369;225;270
3101;6882;105461
3695;8135;89737
369
370;20;181;270
131337;14964;36886;140130
108672;12382;30520;115947
370
371;35;36;230;142;231;273;416;417
52991;155998;134182;169733;130123;130801;226248;141219;117347
43846;129077;111025;140441;107667;108228;187203;116848;97096
371
372;36;38;37;231;186;418
166927;235744;113321;131657;190733;130108;126727
138119;195060;96056;108936;157817;107655;104857
372
373;38;143;232;419;420
8269;17214;9087;27943;42556;38557
9852;14244;9852;27709;35212;32667
373
374;187;275
3101;6882;105461
3695;8135;89737
398
399;6;221;297
19109;55079;16147;22986
15811;45573;18505;27061
407
408;21;226;336
19109;55079;16147;22986
15811;45573;18505;27061
408
409;22;270;370
13355;30002;104659;96404
15913;30982;86597;87338
409
410;24;138
9547;32258;6827
11375;26691;8135
410
411;26;183;302
19109;55079;16147;22986
15811;45573;18505;27061
411
412;27;371;339
13355;30002;104659;96404
15913;30982;86597;87338
412
413;29;228
9547;32258;6827
11375;26691;8135
413
414;31;141;271
19109;55079;16147;22986
15811;45573;18505;27061
414
415;32;340;305
13355;30002;104659;96404
15913;30982;86597;87338
415
416;34;185
9547;32258;6827
11375;26691;8135
416
417;36;231;372
19109;55079;16147;22986
15811;45573;18505;27061
399
400;7;366;334
13355;30002;104659;96404
15913;30982;86597;87338
417
418;37;306;274
13355;30002;104659;96404
15913;30982;86597;87338
418
419;39;143
9547;32258;6827
11375;26691;8135
419
420;41;188;341
19109;55079;16147;22986
15811;45573;18505;27061
420
421;42;275;375
13355;30002;104659;96404
15913;30982;86597;87338
421
422;44;233
9547;32258;6827
11375;26691;8135
422
423;46;146;307
19109;55079;16147;22986
15811;45573;18505;27061
423
424;47;376;344
13355;30002;104659;96404
15913;30982;86597;87338
424
425;49;190
9547;32258;6827
11375;26691;8135
425
426;51;236;276
19109;55079;16147;22986
15811;45573;18505;27061
426
427;52;345;310
13355;30002;104659;96404
15913;30982;86597;87338
400
401;9;133
9547;32258;6827
11375;26691;8135
427
428;54;148
9547;32258;6827
11375;26691;8135
428
429;56;193;377
19109;55079;16147;22986
15811;45573;18505;27061
429
430;57;311;279
13355;30002;104659;96404
15913;30982;86597;87338
430
431;59;238
9547;32258;6827
11375;26691;8135
431
432;61;151;346
19109;55079;16147;22986
15811;45573;18505;27061
432
433;62;280;380
13355;30002;104659;96404
15913;30982;86597;87338
433
434;64;195
9547;32258;6827
11375;26691;8135
434
435;66;241;312
19109;55079;16147;22986
15811;45573;18505;27061
435
436;67;381;349
13355;30002;104659;96404
15913;30982;86597;87338
436
437;69;153
9547;32258;6827
11375;26691;8135
401
402;11;178;266
19109;55079;16147;22986
15811;45573;18505;27061
437
438;71;198;281
19109;55079;16147;22986
15811;45573;18505;27061
438
439;72;350;315
13355;30002;104659;96404
15913;30982;86597;87338
439
440;74;243
9547;32258;6827
11375;26691;8135
440
441;76;156;382
19109;55079;16147;22986
15811;45573;18505;27061
441
442;77;316;284
13355;30002;104659;96404
15913;30982;86597;87338
442
443;79;200
9547;32258;6827
11375;26691;8135
443
444;81;246;351
19109;55079;16147;22986
15811;45573;18505;27061
444
445;82;285;385
13355;30002;104659;96404
15913;30982;86597;87338
445
446;84;158
9547;32258;6827
11375;26691;8135
446
447;86;203;317
19109;55079;16147;22986
15811;45573;18505;27061
402
403;12;335;300
13355;30002;104659;96404
15913;30982;86597;87338
447
448;87;386;354
13355;30002;104659;96404
15913;30982;86597;87338
448
449;89;248
9547;32258;6827
11375;26691;8135
449
450;91;161;286
19109;55079;16147;22986
15811;45573;18505;27061
450
451;92;355;320
13355;30002;104659;96404
15913;30982;86597;87338
451
452;94;205
9547;32258;6827
11375;26691;8135
452
453;96;251;387
19109;55079;16147;22986
15811;45573;18505;27061
453
454;97;321;289
13355;30002;104659;96404
15913;30982;86597;87338
454
455;99;163
9547;32258;6827
11375;26691;8135
455
456;101;208;356
19109;55079;16147;22986
15811;45573;18505;27061
456
457;102;290;390
13355;30002;104659;96404
15913;30982;86597;87338
403
404;14;223
9547;32258;6827
11375;26691;8135
457
458;104;253
9547;32258;6827
11375;26691;8135
458
459;106;166;322
19109;55079;16147;22986
15811;45573;18505;27061
459
460;107;391;359
13355;30002;104659;96404
15913;30982;86597;87338
460
461;109;210
9547;32258;6827
11375;26691;8135
461
462;111;256;291
19109;55079;16147;22986
15811;45573;18505;27061
462
463;112;360;325
13355;30002;104659;96404
15913;30982;86597;87338
463
464;114;168
9547;32258;6827
11375;26691;8135
464
465;116;213;392
19109;55079;16147;22986
15811;45573;18505;27061
465
466;117;326;294
13355;30002;104659;96404
15913;30982;86597;87338
466
467;119;258
9547;32258;6827
11375;26691;8135
404
405;16;136;367
19109;55079;16147;22986
15811;45573;18505;27061
467
468;121;171;361
19109;55079;16147;22986
15811;45573;18505;27061
468
469;122;295;395
13355;30002;104659;96404
15913;30982;86597;87338
469
470;124;215
9547;32258;6827
11375;26691;8135
470
471;126;261;327
19109;55079;16147;22986
15811;45573;18505;27061
471
472;127;396
13355;30002;104659
15913;30982;86597
472
473;129;173
9547;32258;6827
11375;26691;8135
473
474;218
19109;16147
15811;18505
474
0
0
0
405
406;17;301;269
13355;30002;104659;96404
15913;30982;86597;87338
406
407;19;180
9547;32258;6827
11375;26691;8135
1
2
0
0
131
132
0
0
174
175
0
0
219
220
0
0
263
264
0
0
296
297
0
0
330
331
0
0
364
365
0
0
397
398
0
0
Transshipment arcs;451
2
7
11
16
101
106
102
107
103
108
104
109
105
322;110
106
111
107
112
108
113
109
114
110
291;115
12
17
111
116
112
117
113
118
114
119
115
392;120
116
121
117
122
118
123
119
124
120
361;125
13
18
121
126
122
127
123
128
124
129
125
327;130
14
19
15
367;20
16
21
17
22
18
23
19
24
20
336;25
3
8
21
26
22
27
23
28
24
29
25
302;30
26
31
27
32
28
33
29
34
30
271;35
4
9
31
36
32
37
33
38
34
39
35
372;40
36
41
37
42
38
43
39
44
40
341;45
5
297;10
41
46
42
47
43
48
44
49
45
307;50
46
51
47
52
48
53
49
54
50
276;55
6
11
51
56
52
57
53
58
54
59
55
377;60
56
61
57
62
58
63
59
64
60
346;65
7
12
61
66
62
67
63
68
64
69
65
312;70
66
71
67
72
68
73
69
74
70
281;75
8
13
71
76
72
77
73
78
74
79
75
382;80
76
81
77
82
78
83
79
84
80
351;85
9
14
81
86
82
87
83
88
84
89
85
317;90
86
91
87
92
88
93
89
94
90
286;95
10
266;15
91
96
92
97
93
98
94
99
95
387;100
96
101
97
102
98
103
99
104
100
356;105
132
222
141
185;272;231
142
232
143
188;233;342
144
234
145
424;235
146
190;308;236
147
237
148
193;238;378
149
239
150
433;240
133
178;223;267
151
195;347;241
152
242
153
198;243;282
154
244
155
442;245
156
200;383;246
157
247
158
203;248;318
159
249
160
451;250
134
224
161
205;287;251
162
252
163
208;253;357
164
254
165
460;255
166
210;323;256
167
257
168
213;258;393
169
259
170
469;260
135
406;225
171
215;362;261
172
262
173
218
136
180;368;226
137
227
138
183;228;303
139
229
140
415;230
175
221;133;298
184
142
185
231;143;373
186
144
187
421;145
188
233;342;146
189
147
190
236;148;277
191
149
192
430;150
193
238;378;151
176
134
194
152
195
241;153;313
196
154
197
439;155
198
243;282;156
199
157
200
246;158;352
201
159
202
448;160
203
248;318;161
177
403;135
204
162
205
251;163;388
206
164
207
457;165
208
253;357;166
209
167
210
256;168;292
211
169
212
466;170
213
258;393;171
178
223;267;136
214
172
215
261;173;328
179
137
180
226;138;337
181
139
182
412;140
183
228;303;141
220
400;177
229
186
230
418;187
231
143;373;188
232
189
233
146;190;308
234
191
235
427;192
236
148;277;193
237
194
238
151;195;347
221
133;298;178
239
196
240
436;197
241
153;313;198
242
199
243
156;200;383
244
201
245
445;202
246
158;352;203
247
204
248
161;205;287
222
179
249
206
250
454;207
251
163;388;208
252
209
253
166;210;323
254
211
255
463;212
256
168;292;213
257
214
258
171;215;362
223
136;180;368
259
216
260
472;217
261
173;328;218
224
181
225
409;182
226
138;337;183
227
184
228
141;185;272
264
365
273
374
274
375
275
376
276
55;377
277
193;238;378
278
379
279
380
280
381
281
75;382
282
156;200;383
265
366
283
384
284
385
285
386
286
95;387
287
251;163;388
288
389
289
390
290
391
291
115;392
292
213;258;393
266
15;367
293
394
294
395
295
396
267
136;180;368
268
369
269
370
270
371
271
35;372
272
231;143;373
297
10;266
306
275
307
50;276
308
236;148;277
309
278
310
279
311
280
312
70;281
313
198;243;282
314
283
315
284
298
178;223;267
316
285
317
90;286
318
161;205;287
319
288
320
289
321
290
322
110;291
323
256;168;292
324
293
325
294
299
268
326
295
327
130
328
218
300
269
301
270
302
30;271
303
141;185;272
304
273
305
274
331
5;297
340
306
341
45;307
342
146;190;308
343
309
344
310
345
311
346
65;312
347
241;153;313
348
314
349
315
332
221;133;298
350
316
351
85;317
352
203;248;318
353
319
354
320
355
321
356
105;322
357
166;210;323
358
324
359
325
333
299
360
326
361
125;327
362
261;173;328
363
329
334
300
335
301
336
25;302
337
183;228;303
338
304
339
305
365
334
374
343
375
344
376
345
377
60;346
378
151;195;347
379
348
380
349
381
350
382
80;351
383
246;158;352
366
335
384
353
385
354
386
355
387
100;356
388
208;253;357
389
358
390
359
391
360
392
120;361
393
171;215;362
367
20;336
394
363
368
226;138;337
369
338
370
339
371
340
372
40;341
373
188;233;342
398
401
407
410
408
411
409
182;412
410
413
411
414
412
140;415
413
416
414
417
415
230;418
416
419
399
402
417
420
418
187;421
419
422
420
423
421
145;424
422
425
423
426
424
235;427
425
428
426
429
400
177;403
427
192;430
428
431
429
432
430
150;433
431
434
432
435
433
240;436
434
437
435
438
436
197;439
401
404
437
440
438
441
439
155;442
440
443
441
444
442
245;445
443
446
444
447
445
202;448
446
449
402
405
447
450
448
160;451
449
452
450
453
451
250;454
452
455
453
456
454
207;457
455
458
456
459
403
135;406
457
165;460
458
461
459
462
460
255;463
461
464
462
465
463
212;466
464
467
465
468
466
170;469
404
407
467
470
468
471
469
260;472
470
473
471
474
472
217
405
408
406
225;409
