Demands;361
0
54
55
0
15
585.0

1
54
56;60;64;68
0;0;350;700
652
420.0
5;6;7;55;66;67;59;62;63;161;162;163;164;208;251;252;253
2
54
57;61;65;69
0;0;350;700
8
585.0
3;4;5;6;7;55;64;66;67;68;56;58;59;60;62;63;161;162;163;164;206;207;208;249;250;251;252;253
3
159
160
0
66
415.0

4
159
160
0
23
500.0

5
159
160
0
27
425.0

6
159
160
0
401
410.0

7
159
160
0
10
625.0

8
159
161;251;209;166
0;0;350;700
6
615.0
4;5;6;7;64;65;66;67;59;60;61;62;63;160;162;163;164;165;207;208;250;252;253
9
159
161;251;209;166
0;0;350;700
142
525.0
4;5;6;7;64;65;66;67;59;60;61;62;63;160;162;163;164;165;207;208;250;252;253
10
204
205
0
24
395.0

11
204
207;62;5;164;66;7;254;70;9;212
0;0;0;0;73;121;350;423;471;700
149
550.0
4;6;8;64;65;67;68;69;71;72;60;61;63;162;163;165;205;206;208;209;210;211;250;251;252;253
12
204
207;62;5;164;66;7;254;70;9;212
0;0;0;0;73;121;350;423;471;700
117
400.0
4;6;8;64;65;67;68;69;71;72;60;61;63;162;163;165;205;206;208;209;210;211;250;251;252;253
13
204
250;208;165;255;213
0;34;34;384;734
23
500.0
4;5;6;7;8;9;10;64;65;66;67;68;69;70;71;72;73;60;61;62;63;162;163;164;166;167;205;206;207;209;210;211;212;251;252;253;254
14
204
250;208;165;255;213
0;34;34;384;734
10
625.0
4;5;6;7;8;9;10;64;65;66;67;68;69;70;71;72;73;60;61;62;63;162;163;164;166;167;205;206;207;209;210;211;212;251;252;253;254
15
204
251;209;166;256;214
0;34;34;384;734
6
615.0
11;4;5;6;7;8;9;10;64;65;66;67;68;69;70;71;72;73;74;75;60;61;62;63;162;163;164;165;167;168;205;206;207;208;210;211;212;213;250;252;253;254;255
16
248
249
0
149
550.0

17
248
249
0
117
400.0

18
248
250;208;165;255
0;0;350;700
66
415.0
3;4;5;6;7;8;64;65;66;67;68;69;58;59;60;61;62;63;162;163;164;206;207;209;210;249;251;252;253;254
19
248
250;208;165;255
0;0;350;700
23
500.0
3;4;5;6;7;8;64;65;66;67;68;69;58;59;60;61;62;63;162;163;164;206;207;209;210;249;251;252;253;254
20
248
250;208;165;255
0;0;350;700
27
425.0
3;4;5;6;7;8;64;65;66;67;68;69;58;59;60;61;62;63;162;163;164;206;207;209;210;249;251;252;253;254
21
248
250;208;165;255
0;0;350;700
10
625.0
3;4;5;6;7;8;64;65;66;67;68;69;58;59;60;61;62;63;162;163;164;206;207;209;210;249;251;252;253;254
22
248
251;209;166;256
0;0;350;700
6
615.0
3;4;5;6;7;8;9;64;65;66;67;68;69;70;71;58;59;60;61;62;63;162;163;164;165;206;207;208;210;211;249;250;252;253;254;255
23
206;163
208;165
0;0
70
415.0
4;5;6;64;65;60;61;62;63;162;164;207;251;252
24
56;60;64
251;209;166
0;34;34
6
615.0
3;4;5;6;7;65;66;67;57;58;59;61;62;63;162;163;164;165;205;206;207;208;249;250;252;253
25
56;60;64
250;208;165
0;34;34
20
500.0
3;4;5;6;65;57;58;59;61;62;162;163;164;205;206;207;249;251;252
26
205;162;252
250;208;165
0;34;34
29
425.0
4;5;6;64;65;60;61;62;63;163;164;206;207
27
161;251;209
63;67;71
0;34;34
14
585.0
5;6;7;8;9;64;65;66;68;69;70;62;162;163;164;165;208;252;253;254
28
161;251;209
65;69;73
0;34;34
7
585.0
5;6;7;8;9;64;66;67;68;70;71;72;62;63;162;163;164;165;208;210;211;252;253;254
29
161;251
62;5;164;66;7;254
0;5;27;27;27;27
140
550.0
6;64;65;67;68;63;162;163;208;252;253
30
160;250
162;252
0;0
22
395.0
4;5;6;64;65;59;60;61;62;63;161;163;207;251
31
160;250;208
207;62;5;164;66;7;254
0;7;12;34;34;34;34
114
400.0
4;6;64;65;67;68;59;60;61;63;161;162;163;251;252;253
32
58;3;62;5
60;64
0;0
654
420.0
4;59;63;162;163;206
33
249;58;3;207;62;5
251;209
0;0
143
525.0
4;59;60;61;63;162;163;206;208;250
34
249;58;3;207
250;208
0;0
403
410.0
4;59;60;61;162;206
35
2;4;6
250;208;165
0;34;34
9
625.0
3;5;64;65;58;59;60;61;62;63;162;163;164;205;206;207;251;252
36
163;253
165;255
0;0
63
415.0
6;7;8;64;65;66;67;68;69;164;209;210;252;254
37
60;64;68
209;166;256
0;34;34
6
615.0
5;6;7;8;9;65;66;67;69;70;71;61;62;63;162;163;164;165;207;208;210;211;252;253;254;255
38
60;64;68
208;165;255
0;34;34
24
500.0
5;6;7;8;65;66;69;61;62;63;162;163;164;207;209;210;252;253;254
39
162;252;210
208;165;255
0;34;34
30
425.0
6;7;8;64;65;66;67;68;69;163;164;253;254
40
251;209;166
67;71;75
0;34;34
16
585.0
11;7;8;9;10;66;68;69;70;72;73;74;165;210;211;212;252;253;254;255
41
251;209;166
69;73;77
0;34;34
7
585.0
11;7;8;9;10;66;67;68;70;71;72;74;75;76;165;167;168;210;211;212;252;253;254;255
42
251;209
66;7;254;70;9;212
0;5;27;27;27;27
154
550.0
8;67;68;69;71;72;165;210;211;252;253
43
250;208
252;210
0;0
24
395.0
6;7;8;64;65;66;67;68;69;63;164;209;251;253
44
250;208;165
164;66;7;254;70;9;212
0;7;12;34;34;34;34
109
400.0
6;8;64;65;67;68;69;71;72;63;209;210;211;251;252;253
45
62;5;66;7
64;68
0;0
664
420.0
6;67;63;163;252;253
46
207;62;5;164;66;7
209;166
0;0
144
525.0
6;64;65;67;63;163;165;208;252;253
47
207;62;5;164
208;165
0;0
398
410.0
6;64;65;63;163;252
48
4;6;8
208;165;255
0;34;34
9
625.0
5;7;64;65;66;67;68;69;62;63;162;163;164;209;210;252;253;254
49
253;211
255;213
0;0
60
415.0
8;9;10;68;69;70;71;72;73;166;167;210;212;254
50
64;68;72
166;256;214
0;34;34
6
615.0
11;7;8;9;10;65;66;67;69;70;71;73;74;75;164;165;167;168;210;211;212;213;252;253;254;255
51
64;68;72
165;255;213
0;34;34
21
500.0
7;8;9;10;65;66;67;69;70;73;164;166;167;210;211;212;252;253;254
52
252;210;167
165;255;213
0;34;34
28
425.0
8;9;10;68;69;70;71;72;73;211;212;253;254
53
209;166;256
71;75;79
0;34;34
13
585.0
11;12;13;9;10;70;72;73;74;76;77;78;169;167;168;210;211;212;213;255
54
209;166;256
73;77;81
0;34;34
8
585.0
11;12;13;9;10;70;71;72;74;75;76;78;79;80;169;167;168;210;211;212;213;258;255;257
55
209;166
70;9;212;74;11;169
0;5;27;27;27;27
140
550.0
10;71;72;73;75;76;167;168;210;211;255
56
208;165
210;167
0;0
23
395.0
8;9;10;67;68;69;70;71;72;73;166;209;211;254
57
208;165;255
254;70;9;212;74;11;169
0;7;12;34;34;34;34
119
400.0
8;10;67;68;69;71;72;73;75;76;166;167;168;209;210;211
58
66;7;70;9
68;72
0;0
651
420.0
8;67;71;210;211;253
59
164;66;7;254;70;9
166;256
0;0
144
525.0
8;67;68;69;71;165;210;211;253;255
60
164;66;7;254
165;255
0;0
412
410.0
8;67;68;69;210;253
61
6;8;10
165;255;213
0;34;34
9
625.0
7;9;66;67;68;69;70;71;72;73;166;167;210;211;212;252;253;254
62
211;168
213;170
0;0
69
415.0
11;12;10;72;73;74;75;76;77;169;167;212;256;257
63
68;72;76
256;214;171
0;34;34
5
615.0
11;12;13;9;10;69;70;71;73;74;75;77;78;79;169;170;167;168;210;211;212;213;258;254;255;257
64
68;72;76
255;213;170
0;34;34
23
500.0
11;12;9;10;69;70;71;73;74;77;169;167;168;210;211;212;254;256;257
65
210;167;257
255;213;170
0;34;34
28
425.0
11;12;10;72;73;74;75;76;77;169;168;211;212
66
166;256;214
75;79;83
0;34;34
16
585.0
11;12;13;14;15;74;76;77;78;80;81;82;169;170;167;168;213;258;259;257
67
166;256;214
77;81;85
0;34;34
8
585.0
11;12;13;14;15;74;75;76;78;79;80;82;83;84;169;170;167;168;215;216;213;258;259;257
68
166;256
74;11;169;78;13;259
0;5;27;27;27;27
147
550.0
12;75;76;77;79;80;167;168;213;258;257
69
165;255
167;257
0;0
24
395.0
11;12;10;71;72;73;74;75;76;77;166;168;212;256
70
165;255;213
212;74;11;169;78;13;259
0;7;12;34;34;34;34
115
400.0
12;10;71;72;73;75;76;77;79;80;166;167;168;258;256;257
71
70;9;74;11
72;76
0;0
644
420.0
10;71;75;167;168;211
72
254;70;9;212;74;11
256;214
0;0
136
525.0
10;71;72;73;75;167;168;211;213;255
73
254;70;9;212
255;213
0;0
420
410.0
10;71;72;73;167;211
74
8;10;12
255;213;170
0;34;34
10
625.0
11;9;70;71;72;73;74;75;76;77;169;167;168;210;211;212;256;257
75
168;258
170;260
0;0
68
415.0
12;13;14;76;77;78;79;80;81;169;214;215;259;257
76
72;76;80
214;171;261
0;34;34
5
615.0
11;12;13;14;15;73;74;75;77;78;79;81;82;83;169;170;167;168;215;216;212;213;258;259;260;257
77
72;76;80
213;170;260
0;34;34
25
500.0
11;12;13;14;73;74;75;77;78;81;169;167;168;214;215;212;258;259;257
78
167;257;215
213;170;260
0;34;34
26
425.0
12;13;14;76;77;78;79;80;81;169;168;258;259
79
256;214;171
79;83;87
0;34;34
15
585.0
13;14;15;16;17;78;80;81;82;84;85;86;170;215;216;217;258;259;260;257
80
256;214;171
81;85;89
0;34;34
7
585.0
13;14;15;16;17;78;79;80;82;83;84;86;87;88;170;172;173;215;216;217;258;259;260;257
81
256;214
78;13;259;82;15;217
0;5;27;27;27;27
153
550.0
14;79;80;81;83;84;170;215;216;258;257
82
255;213
257;215
0;0
21
395.0
12;13;14;75;76;77;78;79;80;81;169;214;258;256
83
255;213;170
169;78;13;259;82;15;217
0;7;12;34;34;34;34
120
400.0
12;14;75;76;77;79;80;81;83;84;214;215;216;258;256;257
84
74;11;78;13
76;80
0;0
651
420.0
12;75;79;168;258;257
85
212;74;11;169;78;13
214;171
0;0
133
525.0
12;75;76;77;79;170;168;213;258;257
86
212;74;11;169
213;170
0;0
410
410.0
12;75;76;77;168;257
87
10;12;14
213;170;260
0;34;34
10
625.0
11;13;74;75;76;77;78;79;80;81;169;167;168;214;215;258;259;257
88
258;216
260;218
0;0
65
415.0
14;15;16;80;81;82;83;84;85;171;172;215;217;259
89
76;80;84
171;261;219
0;34;34
5
615.0
13;14;15;16;17;77;78;79;81;82;83;85;86;87;169;170;172;173;215;216;217;218;258;259;260;257
90
76;80;84
170;260;218
0;34;34
20
500.0
13;14;15;16;77;78;79;81;82;85;169;171;172;215;216;217;258;259;257
91
257;215;172
170;260;218
0;34;34
26
425.0
14;15;16;80;81;82;83;84;85;216;217;258;259
92
214;171;261
83;87;91
0;34;34
16
585.0
15;16;17;18;19;82;84;85;86;88;89;90;172;173;174;215;216;217;218;260
93
214;171;261
85;89;93
0;34;34
7
585.0
15;16;17;18;19;82;83;84;86;87;88;90;91;92;172;173;174;215;216;217;218;260;262;263
94
214;171
82;15;217;86;17;174
0;5;27;27;27;27
146
550.0
16;83;84;85;87;88;172;173;215;216;260
95
213;170
215;172
0;0
20
395.0
14;15;16;79;80;81;82;83;84;85;171;214;216;259
96
213;170;260
259;82;15;217;86;17;174
0;7;12;34;34;34;34
119
400.0
14;16;79;80;81;83;84;85;87;88;171;172;173;214;215;216
97
78;13;82;15
80;84
0;0
639
420.0
14;79;83;215;216;258
98
169;78;13;259;82;15
171;261
0;0
144
525.0
14;79;80;81;83;170;215;216;258;260
99
169;78;13;259
170;260
0;0
408
410.0
14;79;80;81;215;258
100
12;14;16
170;260;218
0;34;34
9
625.0
13;15;78;79;80;81;82;83;84;85;171;172;215;216;217;258;259;257
101
216;173
218;175
0;0
68
415.0
16;17;18;84;85;86;87;88;89;172;174;217;261;262
102
80;84;88
261;219;176
0;34;34
6
615.0
15;16;17;18;19;81;82;83;85;86;87;89;90;91;172;173;174;175;215;216;217;218;259;260;262;263
103
80;84;88
260;218;175
0;34;34
24
500.0
15;16;17;18;81;82;83;85;86;89;172;173;174;215;216;217;259;261;262
104
215;172;262
260;218;175
0;34;34
28
425.0
16;17;18;84;85;86;87;88;89;173;174;216;217
105
171;261;219
87;91;95
0;34;34
15
585.0
17;18;19;20;21;86;88;89;90;92;93;94;172;173;174;175;218;262;263;264
106
171;261;219
89;93;97
0;34;34
6
585.0
17;18;19;20;21;86;87;88;90;91;92;94;95;96;172;173;174;175;218;220;221;262;263;264
107
171;261
86;17;174;90;19;264
0;5;27;27;27;27
143
550.0
18;87;88;89;91;92;172;173;218;262;263
108
170;260
172;262
0;0
23
395.0
16;17;18;83;84;85;86;87;88;89;171;173;217;261
109
170;260;218
217;86;17;174;90;19;264
0;7;12;34;34;34;34
124
400.0
16;18;83;84;85;87;88;89;91;92;171;172;173;261;262;263
110
82;15;86;17
84;88
0;0
638
420.0
16;83;87;172;173;216
111
259;82;15;217;86;17
261;219
0;0
143
525.0
16;83;84;85;87;172;173;216;218;260
112
259;82;15;217
260;218
0;0
401
410.0
16;83;84;85;172;216
113
14;16;18
260;218;175
0;34;34
8
625.0
15;17;82;83;84;85;86;87;88;89;172;173;174;215;216;217;261;262
114
173;263
175;265
0;0
67
415.0
18;19;20;88;89;90;91;92;93;174;219;220;262;264
115
84;88;92
219;176;266
0;34;34
5
615.0
17;18;19;20;21;85;86;87;89;90;91;93;94;95;172;173;174;175;217;218;220;221;262;263;264;265
116
84;88;92
218;175;265
0;34;34
21
500.0
17;18;19;20;85;86;87;89;90;93;172;173;174;217;219;220;262;263;264
117
172;262;220
218;175;265
0;34;34
30
425.0
18;19;20;88;89;90;91;92;93;173;174;263;264
118
261;219;176
91;95;99
0;34;34
14
585.0
19;20;21;22;23;90;92;93;94;96;97;98;175;220;221;222;262;263;264;265
119
261;219;176
93;97;101
0;34;34
7
585.0
19;20;21;22;23;90;91;92;94;95;96;98;99;100;175;177;178;220;221;222;262;263;264;265
120
261;219
90;19;264;94;21;222
0;5;27;27;27;27
144
550.0
20;91;92;93;95;96;175;220;221;262;263
121
260;218
262;220
0;0
22
395.0
18;19;20;87;88;89;90;91;92;93;174;219;261;263
122
260;218;175
174;90;19;264;94;21;222
0;7;12;34;34;34;34
114
400.0
18;20;87;88;89;91;92;93;95;96;219;220;221;261;262;263
123
86;17;90;19
88;92
0;0
638
420.0
18;87;91;173;262;263
124
217;86;17;174;90;19
219;176
0;0
142
525.0
18;87;88;89;91;173;175;218;262;263
125
217;86;17;174
218;175
0;0
399
410.0
18;87;88;89;173;262
126
16;18;20
218;175;265
0;34;34
8
625.0
17;19;86;87;88;89;90;91;92;93;172;173;174;219;220;262;263;264
127
263;221
265;223
0;0
71
415.0
20;21;22;92;93;94;95;96;97;176;177;220;222;264
128
88;92;96
176;266;224
0;34;34
5
615.0
19;20;21;22;23;89;90;91;93;94;95;97;98;99;174;175;177;178;220;221;222;223;262;263;264;265
129
88;92;96
175;265;223
0;34;34
20
500.0
19;20;21;22;89;90;91;93;94;97;174;176;177;220;221;222;262;263;264
130
262;220;177
175;265;223
0;34;34
27
425.0
20;21;22;92;93;94;95;96;97;221;222;263;264
131
219;176;266
95;99;103
0;34;34
16
585.0
21;22;23;24;25;94;96;97;98;100;101;102;177;178;179;220;221;222;223;265
132
219;176;266
97;101;105
0;34;34
6
585.0
21;22;23;24;25;94;95;96;98;99;100;102;103;104;177;178;179;220;221;222;223;265;267;268
133
219;176
94;21;222;98;23;179
0;5;27;27;27;27
151
550.0
22;95;96;97;99;100;177;178;220;221;265
134
218;175
220;177
0;0
19
395.0
20;21;22;91;92;93;94;95;96;97;176;219;221;264
135
218;175;265
264;94;21;222;98;23;179
0;7;12;34;34;34;34
114
400.0
20;22;91;92;93;95;96;97;99;100;176;177;178;219;220;221
136
90;19;94;21
92;96
0;0
638
420.0
20;91;95;220;221;263
137
174;90;19;264;94;21
176;266
0;0
138
525.0
20;91;92;93;95;175;220;221;263;265
138
174;90;19;264
175;265
0;0
392
410.0
20;91;92;93;220;263
139
18;20;22
175;265;223
0;34;34
9
625.0
19;21;90;91;92;93;94;95;96;97;176;177;220;221;222;262;263;264
140
221;178
223;180
0;0
70
415.0
22;23;24;96;97;98;99;100;101;177;179;222;266;267
141
92;96;100
266;224;181
0;34;34
4
615.0
21;22;23;24;25;93;94;95;97;98;99;101;102;103;177;178;179;180;220;221;222;223;264;265;267;268
142
92;96;100
265;223;180
0;34;34
22
500.0
21;22;23;24;93;94;95;97;98;101;177;178;179;220;221;222;264;266;267
143
220;177;267
265;223;180
0;34;34
27
425.0
22;23;24;96;97;98;99;100;101;178;179;221;222
144
176;266;224
99;103;107
0;34;34
16
585.0
23;24;25;26;27;98;100;101;102;104;105;106;177;178;179;180;223;267;268;269
145
176;266;224
101;105;109
0;34;34
7
585.0
23;24;25;26;27;98;99;100;102;103;104;106;107;108;177;178;179;180;223;225;226;267;268;269
146
176;266
98;23;179;102;25;269
0;5;27;27;27;27
155
550.0
24;99;100;101;103;104;177;178;223;267;268
147
175;265
177;267
0;0
21
395.0
22;23;24;95;96;97;98;99;100;101;176;178;222;266
148
175;265;223
222;98;23;179;102;25;269
0;7;12;34;34;34;34
123
400.0
22;24;95;96;97;99;100;101;103;104;176;177;178;266;267;268
149
94;21;98;23
96;100
0;0
651
420.0
22;95;99;177;178;221
150
264;94;21;222;98;23
266;224
0;0
148
525.0
22;95;96;97;99;177;178;221;223;265
151
264;94;21;222
265;223
0;0
388
410.0
22;95;96;97;177;221
152
20;22;24
265;223;180
0;34;34
8
625.0
21;23;94;95;96;97;98;99;100;101;177;178;179;220;221;222;266;267
153
178;268
180;270
0;0
73
415.0
24;25;26;100;101;102;103;104;105;179;224;225;267;269
154
96;100;104
224;181;271
0;34;34
5
615.0
23;24;25;26;27;97;98;99;101;102;103;105;106;107;177;178;179;180;222;223;225;226;267;268;269;270
155
96;100;104
223;180;270
0;34;34
23
500.0
23;24;25;26;97;98;99;101;102;105;177;178;179;222;224;225;267;268;269
156
177;267;225
223;180;270
0;34;34
25
425.0
24;25;26;100;101;102;103;104;105;178;179;268;269
157
266;224;181
103;107;111
0;34;34
17
585.0
25;26;27;28;29;102;104;105;106;108;109;110;180;225;226;227;267;268;269;270
158
266;224;181
105;109;113
0;34;34
7
585.0
25;26;27;28;29;102;103;104;106;107;108;110;111;112;180;182;183;225;226;227;267;268;269;270
159
266;224
102;25;269;106;27;227
0;5;27;27;27;27
153
550.0
26;103;104;105;107;108;180;225;226;267;268
160
265;223
267;225
0;0
18
395.0
24;25;26;99;100;101;102;103;104;105;179;224;266;268
161
265;223;180
179;102;25;269;106;27;227
0;7;12;34;34;34;34
120
400.0
24;26;99;100;101;103;104;105;107;108;224;225;226;266;267;268
162
98;23;102;25
100;104
0;0
631
420.0
24;99;103;178;267;268
163
222;98;23;179;102;25
224;181
0;0
146
525.0
24;99;100;101;103;178;180;223;267;268
164
222;98;23;179
223;180
0;0
413
410.0
24;99;100;101;178;267
165
22;24;26
223;180;270
0;34;34
8
625.0
23;25;98;99;100;101;102;103;104;105;177;178;179;224;225;267;268;269
166
268;226
270;228
0;0
72
415.0
26;27;28;104;105;106;107;108;109;181;182;225;227;269
167
100;104;108
181;271;229
0;34;34
4
615.0
25;26;27;28;29;101;102;103;105;106;107;109;110;111;179;180;182;183;225;226;227;228;267;268;269;270
168
100;104;108
180;270;228
0;34;34
23
500.0
25;26;27;28;101;102;103;105;106;109;179;181;182;225;226;227;267;268;269
169
267;225;182
180;270;228
0;34;34
24
425.0
26;27;28;104;105;106;107;108;109;226;227;268;269
170
224;181;271
107;111;115
0;34;34
17
585.0
27;28;29;30;31;106;108;109;110;112;113;114;182;183;184;225;226;227;228;270
171
224;181;271
109;113;117
0;34;34
6
585.0
27;28;29;30;31;106;107;108;110;111;112;114;115;116;182;183;184;225;226;227;228;270;272;273
172
224;181
106;27;227;110;29;184
0;5;27;27;27;27
141
550.0
28;107;108;109;111;112;182;183;225;226;270
173
223;180
225;182
0;0
21
395.0
26;27;28;103;104;105;106;107;108;109;181;224;226;269
174
223;180;270
269;106;27;227;110;29;184
0;7;12;34;34;34;34
123
400.0
26;28;103;104;105;107;108;109;111;112;181;182;183;224;225;226
175
102;25;106;27
104;108
0;0
644
420.0
26;103;107;225;226;268
176
179;102;25;269;106;27
181;271
0;0
148
525.0
26;103;104;105;107;180;225;226;268;270
177
179;102;25;269
180;270
0;0
398
410.0
26;103;104;105;225;268
178
24;26;28
180;270;228
0;34;34
7
625.0
25;27;102;103;104;105;106;107;108;109;181;182;225;226;227;267;268;269
179
226;183
228;185
0;0
65
415.0
28;29;30;108;109;110;111;112;113;182;184;227;271;272
180
104;108;112
271;229;186
0;34;34
5
615.0
27;28;29;30;31;105;106;107;109;110;111;113;114;115;182;183;184;185;225;226;227;228;269;270;272;273
181
104;108;112
270;228;185
0;34;34
20
500.0
27;28;29;30;105;106;107;109;110;113;182;183;184;225;226;227;269;271;272
182
225;182;272
270;228;185
0;34;34
28
425.0
28;29;30;108;109;110;111;112;113;183;184;226;227
183
181;271;229
111;115;119
0;34;34
17
585.0
29;30;31;32;33;110;112;113;114;116;117;118;182;183;184;185;228;272;273;274
184
181;271;229
113;117;121
0;34;34
7
585.0
29;30;31;32;33;110;111;112;114;115;116;118;119;120;182;183;184;185;228;230;231;272;273;274
185
181;271
110;29;184;114;31;274
0;5;27;27;27;27
147
550.0
30;111;112;113;115;116;182;183;228;272;273
186
180;270
182;272
0;0
21
395.0
28;29;30;107;108;109;110;111;112;113;181;183;227;271
187
180;270;228
227;110;29;184;114;31;274
0;7;12;34;34;34;34
114
400.0
28;30;107;108;109;111;112;113;115;116;181;182;183;271;272;273
188
106;27;110;29
108;112
0;0
643
420.0
28;107;111;182;183;226
189
269;106;27;227;110;29
271;229
0;0
147
525.0
28;107;108;109;111;182;183;226;228;270
190
269;106;27;227
270;228
0;0
414
410.0
28;107;108;109;182;226
191
26;28;30
270;228;185
0;34;34
7
625.0
27;29;106;107;108;109;110;111;112;113;182;183;184;225;226;227;271;272
192
183;273
185;275
0;0
74
415.0
30;31;32;112;113;114;115;116;117;184;229;230;272;274
193
108;112;116
229;186;276
0;34;34
4
615.0
29;30;31;32;33;109;110;111;113;114;115;117;118;119;182;183;184;185;227;228;230;231;272;273;274;275
194
108;112;116
228;185;275
0;34;34
21
500.0
29;30;31;32;109;110;111;113;114;117;182;183;184;227;229;230;272;273;274
195
182;272;230
228;185;275
0;34;34
24
425.0
30;31;32;112;113;114;115;116;117;183;184;273;274
196
271;229;186
115;119;123
0;34;34
16
585.0
31;32;33;34;35;114;116;117;118;120;121;122;185;230;231;232;272;273;274;275
197
271;229;186
117;121;125
0;34;34
6
585.0
31;32;33;34;35;114;115;116;118;119;120;122;123;124;185;187;188;230;231;232;272;273;274;275
198
271;229
114;31;274;118;33;232
0;5;27;27;27;27
149
550.0
32;115;116;117;119;120;185;230;231;272;273
199
270;228
272;230
0;0
18
395.0
30;31;32;111;112;113;114;115;116;117;184;229;271;273
200
270;228;185
184;114;31;274;118;33;232
0;7;12;34;34;34;34
121
400.0
30;32;111;112;113;115;116;117;119;120;229;230;231;271;272;273
201
110;29;114;31
112;116
0;0
636
420.0
30;111;115;183;272;273
202
227;110;29;184;114;31
229;186
0;0
147
525.0
30;111;112;113;115;183;185;228;272;273
203
227;110;29;184
228;185
0;0
394
410.0
30;111;112;113;183;272
204
28;30;32
228;185;275
0;34;34
7
625.0
29;31;110;111;112;113;114;115;116;117;182;183;184;229;230;272;273;274
205
273;231
275;233
0;0
70
415.0
32;33;34;116;117;118;119;120;121;186;187;230;232;274
206
112;116;120
186;276;234
0;34;34
5
615.0
31;32;33;34;35;113;114;115;117;118;119;121;122;123;184;185;187;188;230;231;232;233;272;273;274;275
207
112;116;120
185;275;233
0;34;34
24
500.0
31;32;33;34;113;114;115;117;118;121;184;186;187;230;231;232;272;273;274
208
272;230;187
185;275;233
0;34;34
23
425.0
32;33;34;116;117;118;119;120;121;231;232;273;274
209
229;186;276
119;123;127
0;34;34
14
585.0
33;34;35;36;37;118;120;121;122;124;125;126;187;188;189;230;231;232;233;275
210
229;186;276
121;125;129
0;34;34
5
585.0
33;34;35;36;37;118;119;120;122;123;124;126;127;128;187;188;189;230;231;232;233;275;277;278
211
229;186
118;33;232;122;35;189
0;5;27;27;27;27
140
550.0
34;119;120;121;123;124;187;188;230;231;275
212
228;185
230;187
0;0
20
395.0
32;33;34;115;116;117;118;119;120;121;186;229;231;274
213
228;185;275
274;118;33;232;122;35;189
0;7;12;34;34;34;34
121
400.0
32;34;115;116;117;119;120;121;123;124;186;187;188;229;230;231
214
114;31;118;33
116;120
0;0
652
420.0
32;115;119;230;231;273
215
184;114;31;274;118;33
186;276
0;0
152
525.0
32;115;116;117;119;185;230;231;273;275
216
184;114;31;274
185;275
0;0
396
410.0
32;115;116;117;230;273
217
30;32;34
185;275;233
0;34;34
7
625.0
31;33;114;115;116;117;118;119;120;121;186;187;230;231;232;272;273;274
218
231;188
233;190
0;0
75
415.0
34;35;36;120;121;122;123;124;125;187;189;232;276;277
219
116;120;124
276;234;191
0;34;34
5
615.0
33;34;35;36;37;117;118;119;121;122;123;125;126;127;187;188;189;190;230;231;232;233;274;275;277;278
220
116;120;124
275;233;190
0;34;34
21
500.0
33;34;35;36;117;118;119;121;122;125;187;188;189;230;231;232;274;276;277
221
230;187;277
275;233;190
0;34;34
23
425.0
34;35;36;120;121;122;123;124;125;188;189;231;232
222
186;276;234
123;127;131
0;34;34
17
585.0
35;36;37;38;39;122;124;125;126;128;129;130;187;188;189;190;233;277;278;279
223
186;276;234
125;129;133
0;34;34
5
585.0
35;36;37;38;39;122;123;124;126;127;128;130;131;132;187;188;189;190;233;235;236;277;278;279
224
186;276
122;35;189;126;37;279
0;5;27;27;27;27
139
550.0
36;123;124;125;127;128;187;188;233;277;278
225
185;275
187;277
0;0
17
395.0
34;35;36;119;120;121;122;123;124;125;186;188;232;276
226
185;275;233
232;122;35;189;126;37;279
0;7;12;34;34;34;34
120
400.0
34;36;119;120;121;123;124;125;127;128;186;187;188;276;277;278
227
118;33;122;35
120;124
0;0
655
420.0
34;119;123;187;188;231
228
274;118;33;232;122;35
276;234
0;0
154
525.0
34;119;120;121;123;187;188;231;233;275
229
274;118;33;232
275;233
0;0
387
410.0
34;119;120;121;187;231
230
32;34;36
275;233;190
0;34;34
7
625.0
33;35;118;119;120;121;122;123;124;125;187;188;189;230;231;232;276;277
231
188;278
190;280
0;0
71
415.0
36;37;38;124;125;126;127;128;129;189;234;235;277;279
232
120;124;128
234;191;281
0;34;34
4
615.0
35;36;37;38;39;121;122;123;125;126;127;129;130;131;187;188;189;190;232;233;235;236;277;278;279;280
233
120;124;128
233;190;280
0;34;34
22
500.0
35;36;37;38;121;122;123;125;126;129;187;188;189;232;234;235;277;278;279
234
187;277;235
233;190;280
0;34;34
22
425.0
36;37;38;124;125;126;127;128;129;188;189;278;279
235
276;234;191
127;131;135
0;34;34
15
585.0
37;38;39;40;41;126;128;129;130;132;133;134;190;235;236;237;277;278;279;280
236
276;234;191
129;133;137
0;34;34
5
585.0
37;38;39;40;41;126;127;128;130;131;132;134;135;136;190;192;193;235;236;237;277;278;279;280
237
276;234
126;37;279;130;39;237
0;5;27;27;27;27
143
550.0
38;127;128;129;131;132;190;235;236;277;278
238
275;233
277;235
0;0
21
395.0
36;37;38;123;124;125;126;127;128;129;189;234;276;278
239
275;233;190
189;126;37;279;130;39;237
0;7;12;34;34;34;34
122
400.0
36;38;123;124;125;127;128;129;131;132;234;235;236;276;277;278
240
122;35;126;37
124;128
0;0
638
420.0
36;123;127;188;277;278
241
232;122;35;189;126;37
234;191
0;0
151
525.0
36;123;124;125;127;188;190;233;277;278
242
232;122;35;189
233;190
0;0
405
410.0
36;123;124;125;188;277
243
34;36;38
233;190;280
0;34;34
6
625.0
35;37;122;123;124;125;126;127;128;129;187;188;189;234;235;277;278;279
244
278;236
280;238
0;0
76
415.0
38;39;40;128;129;130;131;132;133;191;192;235;237;279
245
124;128;132
191;281;239
0;34;34
3
615.0
37;38;39;40;41;125;126;127;129;130;131;133;134;135;189;190;192;193;235;236;237;238;277;278;279;280
246
124;128;132
190;280;238
0;34;34
23
500.0
37;38;39;40;125;126;127;129;130;133;189;191;192;235;236;237;277;278;279
247
277;235;192
190;280;238
0;34;34
24
425.0
38;39;40;128;129;130;131;132;133;236;237;278;279
248
234;191;281
131;135;139
0;34;34
17
585.0
39;40;41;42;43;130;132;133;134;136;137;138;192;193;194;235;236;237;238;280
249
234;191;281
133;137;141
0;34;34
5
585.0
39;40;41;42;43;130;131;132;134;135;136;138;139;140;192;193;194;235;236;237;238;280;282;283
250
234;191
130;39;237;134;41;194
0;5;27;27;27;27
143
550.0
40;131;132;133;135;136;192;193;235;236;280
251
233;190
235;192
0;0
20
395.0
38;39;40;127;128;129;130;131;132;133;191;234;236;279
252
233;190;280
279;130;39;237;134;41;194
0;7;12;34;34;34;34
125
400.0
38;40;127;128;129;131;132;133;135;136;191;192;193;234;235;236
253
126;37;130;39
128;132
0;0
636
420.0
38;127;131;235;236;278
254
189;126;37;279;130;39
191;281
0;0
147
525.0
38;127;128;129;131;190;235;236;278;280
255
189;126;37;279
190;280
0;0
396
410.0
38;127;128;129;235;278
256
36;38;40
190;280;238
0;34;34
7
625.0
37;39;126;127;128;129;130;131;132;133;191;192;235;236;237;277;278;279
257
236;193
238;195
0;0
70
415.0
40;41;42;132;133;134;135;136;137;192;194;237;281;282
258
128;132;136
281;239;196
0;34;34
3
615.0
39;40;41;42;43;129;130;131;133;134;135;137;138;139;192;193;194;195;235;236;237;238;279;280;282;283
259
128;132;136
280;238;195
0;34;34
23
500.0
39;40;41;42;129;130;131;133;134;137;192;193;194;235;236;237;279;281;282
260
235;192;282
280;238;195
0;34;34
25
425.0
40;41;42;132;133;134;135;136;137;193;194;236;237
261
191;281;239
135;139;143
0;34;34
14
585.0
41;42;43;44;45;134;136;137;138;140;141;142;192;193;194;195;238;282;283;284
262
191;281;239
137;141;145
0;34;34
5
585.0
41;42;43;44;45;134;135;136;138;139;140;142;143;144;192;193;194;195;238;240;241;282;283;284
263
191;281
134;41;194;138;43;284
0;5;27;27;27;27
151
550.0
42;135;136;137;139;140;192;193;238;282;283
264
190;280
192;282
0;0
19
395.0
40;41;42;131;132;133;134;135;136;137;191;193;237;281
265
190;280;238
237;134;41;194;138;43;284
0;7;12;34;34;34;34
124
400.0
40;42;131;132;133;135;136;137;139;140;191;192;193;281;282;283
266
130;39;134;41
132;136
0;0
636
420.0
40;131;135;192;193;236
267
279;130;39;237;134;41
281;239
0;0
157
525.0
40;131;132;133;135;192;193;236;238;280
268
279;130;39;237
280;238
0;0
404
410.0
40;131;132;133;192;236
269
38;40;42
280;238;195
0;34;34
6
625.0
39;41;130;131;132;133;134;135;136;137;192;193;194;235;236;237;281;282
270
193;283
195;285
0;0
70
415.0
42;43;44;136;137;138;139;140;141;194;239;240;282;284
271
132;136;140
239;196;286
0;34;34
4
615.0
41;42;43;44;45;133;134;135;137;138;139;141;142;143;192;193;194;195;237;238;240;241;282;283;284;285
272
132;136;140
238;195;285
0;34;34
23
500.0
41;42;43;44;133;134;135;137;138;141;192;193;194;237;239;240;282;283;284
273
192;282;240
238;195;285
0;34;34
24
425.0
42;43;44;136;137;138;139;140;141;193;194;283;284
274
281;239;196
139;143;147
0;34;34
15
585.0
43;44;45;46;47;138;140;141;142;144;145;146;195;240;241;242;282;283;284;285
275
281;239;196
141;145;149
0;34;34
5
585.0
43;44;45;46;47;138;139;140;142;143;144;146;147;148;195;197;198;240;241;242;282;283;284;285
276
281;239
138;43;284;142;45;242
0;5;27;27;27;27
145
550.0
44;139;140;141;143;144;195;240;241;282;283
277
280;238
282;240
0;0
17
395.0
42;43;44;135;136;137;138;139;140;141;194;239;281;283
278
280;238;195
194;138;43;284;142;45;242
0;7;12;34;34;34;34
124
400.0
42;44;135;136;137;139;140;141;143;144;239;240;241;281;282;283
279
134;41;138;43
136;140
0;0
640
420.0
42;135;139;193;282;283
280
237;134;41;194;138;43
239;196
0;0
150
525.0
42;135;136;137;139;193;195;238;282;283
281
237;134;41;194
238;195
0;0
391
410.0
42;135;136;137;193;282
282
40;42;44
238;195;285
0;34;34
7
625.0
41;43;134;135;136;137;138;139;140;141;192;193;194;239;240;282;283;284
283
283;241
285;243
0;0
74
415.0
44;45;46;140;141;142;143;144;145;196;197;240;242;284
284
136;140;144
196;286;244
0;34;34
3
615.0
43;44;45;46;47;137;138;139;141;142;143;145;146;147;194;195;197;198;240;241;242;243;282;283;284;285
285
136;140;144
195;285;243
0;34;34
21
500.0
43;44;45;46;137;138;139;141;142;145;194;196;197;240;241;242;282;283;284
286
282;240;197
195;285;243
0;34;34
25
425.0
44;45;46;140;141;142;143;144;145;241;242;283;284
287
239;196;286
143;147;151
0;34;34
15
585.0
45;46;47;48;49;142;144;145;146;148;149;150;197;198;199;240;241;242;243;285
288
239;196;286
145;149;153
0;34;34
5
585.0
45;46;47;48;49;142;143;144;146;147;148;150;151;152;197;198;199;240;241;242;243;285;287;288
289
239;196
142;45;242;146;47;199
0;5;27;27;27;27
148
550.0
46;143;144;145;147;148;197;198;240;241;285
290
238;195
240;197
0;0
16
395.0
44;45;46;139;140;141;142;143;144;145;196;239;241;284
291
238;195;285
284;142;45;242;146;47;199
0;7;12;34;34;34;34
129
400.0
44;46;139;140;141;143;144;145;147;148;196;197;198;239;240;241
292
138;43;142;45
140;144
0;0
636
420.0
44;139;143;240;241;283
293
194;138;43;284;142;45
196;286
0;0
148
525.0
44;139;140;141;143;195;240;241;283;285
294
194;138;43;284
195;285
0;0
395
410.0
44;139;140;141;240;283
295
42;44;46
195;285;243
0;34;34
6
625.0
43;45;138;139;140;141;142;143;144;145;196;197;240;241;242;282;283;284
296
241;198
243;200
0;0
69
415.0
46;47;48;144;145;146;147;148;149;197;199;242;286;287
297
140;144;148
286;244;201
0;34;34
3
615.0
45;46;47;48;49;141;142;143;145;146;147;149;150;151;197;198;199;200;240;241;242;243;284;285;287;288
298
140;144;148
285;243;200
0;34;34
19
500.0
45;46;47;48;141;142;143;145;146;149;197;198;199;240;241;242;284;286;287
299
240;197;287
285;243;200
0;34;34
22
425.0
46;47;48;144;145;146;147;148;149;198;199;241;242
300
196;286;244
147;151;155
0;34;34
14
585.0
47;48;49;50;51;154;146;148;149;150;152;153;197;198;199;200;243;287;288;289
301
196;286;244
149;153;157
0;34;34
4
585.0
47;48;49;50;51;154;155;156;146;147;148;150;151;152;197;198;199;200;243;245;246;287;288;289
302
196;286
146;47;199;150;49;289
0;5;27;27;27;27
148
550.0
48;147;148;149;151;152;197;198;243;287;288
303
195;285
197;287
0;0
20
395.0
46;47;48;143;144;145;146;147;148;149;196;198;242;286
304
195;285;243
242;146;47;199;150;49;289
0;7;12;34;34;34;34
124
400.0
46;48;143;144;145;147;148;149;151;152;196;197;198;286;287;288
305
142;45;146;47
144;148
0;0
631
420.0
46;143;147;197;198;241
306
284;142;45;242;146;47
286;244
0;0
149
525.0
46;143;144;145;147;197;198;241;243;285
307
284;142;45;242
285;243
0;0
407
410.0
46;143;144;145;197;241
308
44;46;48
285;243;200
0;34;34
7
625.0
45;47;142;143;144;145;146;147;148;149;197;198;199;240;241;242;286;287
309
198;288
200;290
0;0
72
415.0
48;49;50;148;149;150;151;152;153;199;244;245;287;289
310
144;148;152
244;201;291
0;34;34
2
615.0
47;48;49;50;51;154;155;145;146;147;149;150;151;153;197;198;199;200;242;243;245;246;287;288;289;290
311
144;148;152
243;200;290
0;34;34
18
500.0
47;48;49;50;145;146;147;149;150;153;197;198;199;242;244;245;287;288;289
312
197;287;245
243;200;290
0;34;34
23
425.0
48;49;50;148;149;150;151;152;153;198;199;288;289
313
286;244
151;155
0;34
14
585.0
49;50;51;154;150;152;153;200;287;288;289
314
286;244
153;157
0;34
5
585.0
49;50;51;154;155;156;150;151;152;200;245;246;287;288;289
315
286;244
150;49;289;154;51;247
0;5;27;27;27;27
140
550.0
50;155;156;151;152;153;200;245;246;287;288
316
285;243
287;245
0;0
17
395.0
48;49;50;147;148;149;150;151;152;153;199;244;286;288
317
285;243;200
199;150;49;289;154;51;247
0;7;12;34;34;34;34
119
400.0
48;50;155;156;147;148;149;151;152;153;244;245;246;286;287;288
318
146;47;150;49
148;152
0;0
650
420.0
48;147;151;198;287;288
319
242;146;47;199;150;49
244;201
0;0
151
525.0
48;147;148;149;151;198;200;243;287;288
320
242;146;47;199
243;200
0;0
405
410.0
48;147;148;149;198;287
321
46;48;50
243;200;290
0;34;34
7
625.0
47;49;146;147;148;149;150;151;152;153;197;198;199;244;245;287;288;289
322
288
290
0
67
415.0
50;152;153;245;289
323
148;152
201;291
0;34
3
615.0
49;50;51;154;155;149;150;151;153;199;200;245;246;287;288;289;290
324
148;152
200;290
0;34
19
500.0
49;50;149;150;153;199;245;287;288;289
325
287;245
200;290
0;34
21
425.0
50;152;153;288;289
326
244;201;291
0
0
16
585.0
51;52;53;154;155;156;157;158;202;203;245;246;247
327
244;201;291
0
0
4
585.0
51;52;53;154;155;156;157;158;202;203;245;246;247
328
244;201
154;51;247;158;53
0;5;27;27;27
151
550.0
52;155;156;157;245;246
329
243;200
245;202
0;0
19
395.0
50;51;52;154;155;156;157;151;152;153;201;244;246;289
330
243;200
289;154;51;247;158;53
0;7;12;34;34;34
124
400.0
50;52;155;156;157;151;152;153;201;244;245;246
331
150;49;154;51
152;156
0;0
628
420.0
50;155;151;245;246;288
332
199;150;49;289;154;51
201;291
0;0
152
525.0
50;155;151;152;153;200;245;246;288;290
333
199;150;49;289
200;290
0;0
402
410.0
50;151;152;153;245;288
334
48;50
200;290
0;34
6
625.0
49;150;151;152;153;245;287;288;289
335
246;203
0
0
69
415.0
52;53;156;157;158;247;291
336
152;156
0
0
2
615.0
51;52;53;154;155;157;158;153;202;203;245;246;247;289;290;291
337
152;156
0
0
18
500.0
51;52;53;154;155;157;158;153;202;203;245;246;247;289;290;291
338
245;202
0
0
21
425.0
52;53;156;157;158;203;246;247;290;291
339
201;291
0
0
15
585.0
53;158;202;203
340
201;291
0
0
5
585.0
53;158;202;203
341
201;291
0
0
153
550.0
53;158;202;203
342
200
202
0
20
395.0
52;155;156;157;201
343
200;290
0
0
126
400.0
52;53;155;156;157;158;201;202;203;247;291
344
154;51
156
0
646
420.0
155;246
345
289;154;51
291
0
149
525.0
155;246;290
346
289
290
0
402
410.0

347
50;52
0
0
6
625.0
51;53;154;155;156;157;158;202;203;245;246;247;290;291
348
203
0
0
72
415.0

349
156
0
0
2
615.0
53;157;158;202;203;247
350
156
0
0
18
500.0
53;157;158;202;203;247
351
202
0
0
24
425.0
203
352
291
0
0
15
585.0

353
291
0
0
4
585.0

354
291
0
0
143
550.0

355
290
0
0
19
395.0
291
356
290
0
0
123
400.0
291
357
158;53
0
0
635
420.0
203
358
247;158;53
0
0
141
525.0
203
359
247;158;53
0
0
384
410.0
203
360
52
0
0
6
625.0
53;158;202;203
Empties
15;19;20;21;48;49;50;53;156;71;75;79;81;84;85;86;88;90;93;95;99;101;103;105;112;114;116;117;120;121;124;127;129;135;136;138;142;143;144;147;148;152;153;169;170;171;176;180;181;182;183;185;187;190;195;196;197;199;200;201;202;165;167;216;218;220;223;224;225;226;228;229;230;233;234;236;240;243;244;245;211;213;262;263;264;265;267;272;275;276;280;281;285;286;287;290;256
154;146;78;124;401;124;145;148;20;654;710;7;672;644;675;278;651;112;609;23;1305;6;16;15;18;123;17;646;654;22;1313;24;35;658;623;4;143;17;633;14;1276;666;20;2;474;735;868;361;11;644;151;580;17;415;5;145;20;151;568;43;628;654;9;119;31;7;296;829;610;126;427;150;17;306;395;71;36;189;474;631;97;78;671;115;119;94;19;19;90;683;45;467;618;590;5;558;408
2;11;12;14;16;18;22;23;24;26;28;34;35;36;37;38;40;5;42;43;44;47;7;8;9;10;66;67;68;69;70;72;56;74;80;83;57;87;89;91;58;94;96;97;100;59;107;108;109;110;111;113;115;122;123;125;128;130;131;132;137;139;140;63;160;172;174;175;177;161;179;184;186;188;189;191;192;193;163;166;205;214;215;217;219;221;206;231;237;238;239;241;242;208;210;212;249;258;259;260;261;266;250;268;270;271;273;274;277;251;278;283;253;255;257
280;144;667;142;1192;854;154;88;1328;250;612;334;7;391;157;658;74;133;1045;7;402;6;408;1821;410;399;10;26;26;24;651;21;28;133;24;39;28;8;29;5;651;644;24;2;14;49;6;17;21;713;23;22;17;70;24;7;25;149;16;3;33;2;27;30;140;23;70;12;21;56;147;154;538;495;150;203;9;293;10;284;24;216;22;805;121;486;653;480;7;53;217;1072;152;31;11;638;489;392;8;280;80;91;420;1165;145;35;467;6;48;29;2075;528;68;4;11
135;188;151;119;151;103;138;189;169;161;179;129;155;173;141;119;115;114;151;175;100;102;190;166;128;117;197;150;168;118;104;134;110;137;151;133;100;104;165;131;179;125;152;116;164;131;134;188;161;122;196;198;200;131;105;171;103;132;117;150;130;109;170;164;154;124;155;145;108;194;109;172;138;187;120;118;194;123;172;191;179;133;146;186;183;195;187;189;166;130;103;101;161;120;192;133;169;164;193;165;182;149;178;111;166;115;175;199;130;156;146;142;125;169;197
