Sailing arcs;396
2
3;163;310;355
14851;14851;19993;74851
11790;11790;15872;59422
11
12;76;75;180;319
18440;21424;22210;5576;44084
14639;17008;17632;4427;34997
12
13;183;362;275
14851;14851;19993;74851
11790;11790;15872;59422
13
14;80;79;184;276
18440;21424;22210;5576;44084
14639;17008;17632;4427;34997
14
15;187;320;365
14851;14851;19993;74851
11790;11790;15872;59422
15
16;83;84;188;366
18440;22210;21424;5576;44084
14639;17632;17008;4427;34997
16
17;191;277;323
14851;14851;19993;74851
11790;11790;15872;59422
17
18;88;87;192;324
18440;21424;22210;5576;44084
14639;17008;17632;4427;34997
18
19;195;367;280
14851;14851;19993;74851
11790;11790;15872;59422
19
20;92;91;196;281
18440;21424;22210;5576;44084
14639;17008;17632;4427;34997
20
21;199;325;370
14851;14851;19993;74851
11790;11790;15872;59422
3
4;60;59;164;356
18440;21424;22210;5576;44084
14639;17008;17632;4427;34997
21
22;95;96;200;371
18440;22210;21424;5576;44084
14639;17632;17008;4427;34997
22
23;203;282;328
14851;14851;19993;74851
11790;11790;15872;59422
23
24;100;99;204;329
18440;21424;22210;5576;44084
14639;17008;17632;4427;34997
24
25;207;372;285
14851;14851;19993;74851
11790;11790;15872;59422
25
26;103;104;208;286
18440;22210;21424;5576;44084
14639;17632;17008;4427;34997
26
27;211;330;375
14851;14851;19993;74851
11790;11790;15872;59422
27
28;107;108;212;376
18440;22210;21424;5576;44084
14639;17632;17008;4427;34997
28
29;215;287;333
14851;14851;19993;74851
11790;11790;15872;59422
29
30;111;112;216;334
18440;22210;21424;5576;44084
14639;17632;17008;4427;34997
30
31;219;377;290
14851;14851;19993;74851
11790;11790;15872;59422
4
5;167;267;313
14851;14851;19993;74851
11790;11790;15872;59422
31
32;116;115;220;291
18440;21424;22210;5576;44084
14639;17008;17632;4427;34997
32
33;223;335;380
14851;14851;19993;74851
11790;11790;15872;59422
33
34;119;120;224;381
18440;22210;21424;5576;44084
14639;17632;17008;4427;34997
34
35;227;292;338
14851;14851;19993;74851
11790;11790;15872;59422
35
36;123;124;228;339
18440;22210;21424;5576;44084
14639;17632;17008;4427;34997
36
37;231;382;295
14851;14851;19993;74851
11790;11790;15872;59422
37
38;128;127;232;296
18440;21424;22210;5576;44084
14639;17008;17632;4427;34997
38
39;235;340;385
14851;14851;19993;74851
11790;11790;15872;59422
39
40;131;132;236;386
18440;22210;21424;5576;44084
14639;17632;17008;4427;34997
40
41;239;297;343
14851;14851;19993;74851
11790;11790;15872;59422
5
6;64;63;168;314
18440;21424;22210;5576;44084
14639;17008;17632;4427;34997
41
42;136;135;240;344
18440;21424;22210;5576;44084
14639;17008;17632;4427;34997
42
43;243;387;300
14851;14851;19993;74851
11790;11790;15872;59422
43
44;139;140;244;301
18440;22210;21424;5576;44084
14639;17632;17008;4427;34997
44
45;247;345;390
14851;14851;19993;74851
11790;11790;15872;59422
45
46;144;143;248;391
18440;21424;22210;5576;44084
14639;17008;17632;4427;34997
46
47;251;302;348
14851;14851;19993;74851
11790;11790;15872;59422
47
48;147;148;252;349
18440;22210;21424;5576;44084
14639;17632;17008;4427;34997
48
49;255;392;305
14851;14851;19993;74851
11790;11790;15872;59422
49
50;152;151;256;306
18440;21424;22210;5576;44084
14639;17008;17632;4427;34997
50
51;259;350;395
14851;14851;19993;74851
11790;11790;15872;59422
6
7;171;357;270
14851;14851;19993;74851
11790;11790;15872;59422
51
52;156;155;260;396
18440;21424;22210;5576;44084
14639;17008;17632;4427;34997
52
53;263;307
14851;14851;19993
11790;11790;15872
53
0
0
0
7
8;68;67;172;271
18440;21424;22210;5576;44084
14639;17008;17632;4427;34997
8
9;175;315;360
14851;14851;19993;74851
11790;11790;15872;59422
9
10;72;71;176;361
18440;21424;22210;5576;44084
14639;17008;17632;4427;34997
10
11;179;272;318
14851;14851;19993;74851
11790;11790;15872;59422
55
56;57;354;355
1333;4108;16317;50465
1059;3261;12954;40063
64
65;171;357;270
4183;15613;16266;62945
3321;12395;12913;49970
154
155;52;261;396
6256;12131;12982;73218
4967;9631;10306;58125
155
156;157;352
1333;4108;16317
1059;3261;12954
156
157;263;307
4183;15613;16266
3321;12395;12913
157
158;53
22253;23232
17666;18443
158
0
0
0
65
66;7;270
22253;23232;125902
17666;18443;99950
66
67;8;173;271
6256;12131;12982;73218
4967;9631;10306;58125
67
68;69;359;360
1333;4108;16317;50465
1059;3261;12954;40063
68
69;175;315;360
4183;15613;16266;62945
3321;12395;12913;49970
69
70;9;360
22253;23232;125902
17666;18443;99950
70
71;10;177;361
6256;12131;12982;73218
4967;9631;10306;58125
71
72;73;317;318
1333;4108;16317;50465
1059;3261;12954;40063
72
73;179;272;318
4183;15613;16266;62945
3321;12395;12913;49970
73
74;11;318
22253;23232;125902
17666;18443;99950
56
57;163;310;355
4183;15613;16266;62945
3321;12395;12913;49970
74
75;12;181;319
6256;12131;12982;73218
4967;9631;10306;58125
75
76;77;274;275
1333;4108;16317;50465
1059;3261;12954;40063
76
77;183;362;275
4183;15613;16266;62945
3321;12395;12913;49970
77
78;13;275
22253;23232;125902
17666;18443;99950
78
79;14;185;276
6256;12131;12982;73218
4967;9631;10306;58125
79
80;81;364;365
1333;4108;16317;50465
1059;3261;12954;40063
80
81;187;320;365
4183;15613;16266;62945
3321;12395;12913;49970
81
82;15;365
22253;23232;125902
17666;18443;99950
82
83;16;189;366
6256;12131;12982;73218
4967;9631;10306;58125
83
84;85;322;323
1333;4108;16317;50465
1059;3261;12954;40063
57
58;3;355
22253;23232;125902
17666;18443;99950
84
85;191;277;323
4183;15613;16266;62945
3321;12395;12913;49970
85
86;17;323
22253;23232;125902
17666;18443;99950
86
87;18;193;324
6256;12131;12982;73218
4967;9631;10306;58125
87
88;89;279;280
1333;4108;16317;50465
1059;3261;12954;40063
88
89;195;367;280
4183;15613;16266;62945
3321;12395;12913;49970
89
90;19;280
22253;23232;125902
17666;18443;99950
90
91;20;197;281
6256;12131;12982;73218
4967;9631;10306;58125
91
92;93;369;370
1333;4108;16317;50465
1059;3261;12954;40063
92
93;199;325;370
4183;15613;16266;62945
3321;12395;12913;49970
93
94;21;370
22253;23232;125902
17666;18443;99950
58
59;4;165;356
6256;12131;12982;73218
4967;9631;10306;58125
94
95;22;201;371
6256;12131;12982;73218
4967;9631;10306;58125
95
96;97;327;328
1333;4108;16317;50465
1059;3261;12954;40063
96
97;203;282;328
4183;15613;16266;62945
3321;12395;12913;49970
97
98;23;328
22253;23232;125902
17666;18443;99950
98
99;24;205;329
6256;12131;12982;73218
4967;9631;10306;58125
99
100;101;284;285
1333;4108;16317;50465
1059;3261;12954;40063
100
101;207;372;285
4183;15613;16266;62945
3321;12395;12913;49970
101
102;25;285
22253;23232;125902
17666;18443;99950
102
103;26;209;286
6256;12131;12982;73218
4967;9631;10306;58125
103
104;105;374;375
1333;4108;16317;50465
1059;3261;12954;40063
59
60;61;312;313
1333;4108;16317;50465
1059;3261;12954;40063
104
105;211;330;375
4183;15613;16266;62945
3321;12395;12913;49970
105
106;27;375
22253;23232;125902
17666;18443;99950
106
107;28;213;376
6256;12131;12982;73218
4967;9631;10306;58125
107
108;109;332;333
1333;4108;16317;50465
1059;3261;12954;40063
108
109;215;287;333
4183;15613;16266;62945
3321;12395;12913;49970
109
110;29;333
22253;23232;125902
17666;18443;99950
110
111;30;217;334
6256;12131;12982;73218
4967;9631;10306;58125
111
112;113;289;290
1333;4108;16317;50465
1059;3261;12954;40063
112
113;219;377;290
4183;15613;16266;62945
3321;12395;12913;49970
113
114;31;290
22253;23232;125902
17666;18443;99950
60
61;167;267;313
4183;15613;16266;62945
3321;12395;12913;49970
114
115;32;221;291
6256;12131;12982;73218
4967;9631;10306;58125
115
116;117;379;380
1333;4108;16317;50465
1059;3261;12954;40063
116
117;223;335;380
4183;15613;16266;62945
3321;12395;12913;49970
117
118;33;380
22253;23232;125902
17666;18443;99950
118
119;34;225;381
6256;12131;12982;73218
4967;9631;10306;58125
119
120;121;337;338
1333;4108;16317;50465
1059;3261;12954;40063
120
121;227;292;338
4183;15613;16266;62945
3321;12395;12913;49970
121
122;35;338
22253;23232;125902
17666;18443;99950
122
123;36;229;339
6256;12131;12982;73218
4967;9631;10306;58125
123
124;125;294;295
1333;4108;16317;50465
1059;3261;12954;40063
61
62;5;313
22253;23232;125902
17666;18443;99950
124
125;231;382;295
4183;15613;16266;62945
3321;12395;12913;49970
125
126;37;295
22253;23232;125902
17666;18443;99950
126
127;38;233;296
6256;12131;12982;73218
4967;9631;10306;58125
127
128;129;384;385
1333;4108;16317;50465
1059;3261;12954;40063
128
129;235;340;385
4183;15613;16266;62945
3321;12395;12913;49970
129
130;39;385
22253;23232;125902
17666;18443;99950
130
131;40;237;386
6256;12131;12982;73218
4967;9631;10306;58125
131
132;133;342;343
1333;4108;16317;50465
1059;3261;12954;40063
132
133;239;297;343
4183;15613;16266;62945
3321;12395;12913;49970
133
134;41;343
22253;23232;125902
17666;18443;99950
62
63;6;169;314
6256;12131;12982;73218
4967;9631;10306;58125
134
135;42;241;344
6256;12131;12982;73218
4967;9631;10306;58125
135
136;137;299;300
1333;4108;16317;50465
1059;3261;12954;40063
136
137;243;387;300
4183;15613;16266;62945
3321;12395;12913;49970
137
138;43;300
22253;23232;125902
17666;18443;99950
138
139;44;245;301
6256;12131;12982;73218
4967;9631;10306;58125
139
140;141;389;390
1333;4108;16317;50465
1059;3261;12954;40063
140
141;247;345;390
4183;15613;16266;62945
3321;12395;12913;49970
141
142;45;390
22253;23232;125902
17666;18443;99950
142
143;46;249;391
6256;12131;12982;73218
4967;9631;10306;58125
143
144;145;347;348
1333;4108;16317;50465
1059;3261;12954;40063
63
64;65;269;270
1333;4108;16317;50465
1059;3261;12954;40063
144
145;251;302;348
4183;15613;16266;62945
3321;12395;12913;49970
145
146;47;348
22253;23232;125902
17666;18443;99950
146
147;48;253;349
6256;12131;12982;73218
4967;9631;10306;58125
147
148;149;304;305
1333;4108;16317;50465
1059;3261;12954;40063
148
149;255;392;305
4183;15613;16266;62945
3321;12395;12913;49970
149
150;49;305
22253;23232;125902
17666;18443;99950
150
151;50;257;306
6256;12131;12982;73218
4967;9631;10306;58125
151
152;153;394;395
1333;4108;16317;50465
1059;3261;12954;40063
152
153;259;350;395
4183;15613;16266;62945
3321;12395;12913;49970
153
154;51;395
22253;23232;125902
17666;18443;99950
160
161;57;266
164;31946;105590
130;25361;83825
169
170;269;270
3645;5250;42023
2894;4168;33361
259
260;351
5576;18659
4427;14813
260
261;157;396
164;31946;105590
130;25361;83825
261
262;352
3645;5250
2894;4168
262
263;158;307
11287;18026;14724
8961;14310;11689
263
0;308
0;18659
0;14813
170
171;66;357;270
11287;18026;14724;73436
8961;14310;11689;58299
171
172;358
5576;18659
4427;14813
172
173;69;271
164;31946;105590
130;25361;83825
173
174;359;360
3645;5250;42023
2894;4168;33361
174
175;70;315;360
11287;18026;14724;73436
8961;14310;11689;58299
175
176;316
5576;18659
4427;14813
176
177;73;361
164;31946;105590
130;25361;83825
177
178;317;318
3645;5250;42023
2894;4168;33361
178
179;74;272;318
11287;18026;14724;73436
8961;14310;11689;58299
161
162;354;355
3645;5250;42023
2894;4168;33361
179
180;273
5576;18659
4427;14813
180
181;77;319
164;31946;105590
130;25361;83825
181
182;274;275
3645;5250;42023
2894;4168;33361
182
183;78;362;275
11287;18026;14724;73436
8961;14310;11689;58299
183
184;363
5576;18659
4427;14813
184
185;81;276
164;31946;105590
130;25361;83825
185
186;364;365
3645;5250;42023
2894;4168;33361
186
187;82;320;365
11287;18026;14724;73436
8961;14310;11689;58299
187
188;321
5576;18659
4427;14813
188
189;85;366
164;31946;105590
130;25361;83825
162
163;58;310;355
11287;18026;14724;73436
8961;14310;11689;58299
189
190;322;323
3645;5250;42023
2894;4168;33361
190
191;86;277;323
11287;18026;14724;73436
8961;14310;11689;58299
191
192;278
5576;18659
4427;14813
192
193;89;324
164;31946;105590
130;25361;83825
193
194;279;280
3645;5250;42023
2894;4168;33361
194
195;90;367;280
11287;18026;14724;73436
8961;14310;11689;58299
195
196;368
5576;18659
4427;14813
196
197;93;281
164;31946;105590
130;25361;83825
197
198;369;370
3645;5250;42023
2894;4168;33361
198
199;94;325;370
11287;18026;14724;73436
8961;14310;11689;58299
163
164;311
5576;18659
4427;14813
199
200;326
5576;18659
4427;14813
200
201;97;371
164;31946;105590
130;25361;83825
201
202;327;328
3645;5250;42023
2894;4168;33361
202
203;98;282;328
11287;18026;14724;73436
8961;14310;11689;58299
203
204;283
5576;18659
4427;14813
204
205;101;329
164;31946;105590
130;25361;83825
205
206;284;285
3645;5250;42023
2894;4168;33361
206
207;102;372;285
11287;18026;14724;73436
8961;14310;11689;58299
207
208;373
5576;18659
4427;14813
208
209;105;286
164;31946;105590
130;25361;83825
164
165;61;356
164;31946;105590
130;25361;83825
209
210;374;375
3645;5250;42023
2894;4168;33361
210
211;106;330;375
11287;18026;14724;73436
8961;14310;11689;58299
211
212;331
5576;18659
4427;14813
212
213;109;376
164;31946;105590
130;25361;83825
213
214;332;333
3645;5250;42023
2894;4168;33361
214
215;110;287;333
11287;18026;14724;73436
8961;14310;11689;58299
215
216;288
5576;18659
4427;14813
216
217;113;334
164;31946;105590
130;25361;83825
217
218;289;290
3645;5250;42023
2894;4168;33361
218
219;114;377;290
11287;18026;14724;73436
8961;14310;11689;58299
165
166;312;313
3645;5250;42023
2894;4168;33361
219
220;378
5576;18659
4427;14813
220
221;117;291
164;31946;105590
130;25361;83825
221
222;379;380
3645;5250;42023
2894;4168;33361
222
223;118;335;380
11287;18026;14724;73436
8961;14310;11689;58299
223
224;336
5576;18659
4427;14813
224
225;121;381
164;31946;105590
130;25361;83825
225
226;337;338
3645;5250;42023
2894;4168;33361
226
227;122;292;338
11287;18026;14724;73436
8961;14310;11689;58299
227
228;293
5576;18659
4427;14813
228
229;125;339
164;31946;105590
130;25361;83825
166
167;62;267;313
11287;18026;14724;73436
8961;14310;11689;58299
229
230;294;295
3645;5250;42023
2894;4168;33361
230
231;126;382;295
11287;18026;14724;73436
8961;14310;11689;58299
231
232;383
5576;18659
4427;14813
232
233;129;296
164;31946;105590
130;25361;83825
233
234;384;385
3645;5250;42023
2894;4168;33361
234
235;130;340;385
11287;18026;14724;73436
8961;14310;11689;58299
235
236;341
5576;18659
4427;14813
236
237;133;386
164;31946;105590
130;25361;83825
237
238;342;343
3645;5250;42023
2894;4168;33361
238
239;134;297;343
11287;18026;14724;73436
8961;14310;11689;58299
167
168;268
5576;18659
4427;14813
239
240;298
5576;18659
4427;14813
240
241;137;344
164;31946;105590
130;25361;83825
241
242;299;300
3645;5250;42023
2894;4168;33361
242
243;138;387;300
11287;18026;14724;73436
8961;14310;11689;58299
243
244;388
5576;18659
4427;14813
244
245;141;301
164;31946;105590
130;25361;83825
245
246;389;390
3645;5250;42023
2894;4168;33361
246
247;142;345;390
11287;18026;14724;73436
8961;14310;11689;58299
247
248;346
5576;18659
4427;14813
248
249;145;391
164;31946;105590
130;25361;83825
168
169;65;314
164;31946;105590
130;25361;83825
249
250;347;348
3645;5250;42023
2894;4168;33361
250
251;146;302;348
11287;18026;14724;73436
8961;14310;11689;58299
251
252;303
5576;18659
4427;14813
252
253;149;349
164;31946;105590
130;25361;83825
253
254;304;305
3645;5250;42023
2894;4168;33361
254
255;150;392;305
11287;18026;14724;73436
8961;14310;11689;58299
255
256;393
5576;18659
4427;14813
256
257;153;306
164;31946;105590
130;25361;83825
257
258;394;395
3645;5250;42023
2894;4168;33361
258
259;154;350;395
11287;18026;14724;73436
8961;14310;11689;58299
265
266;4;61;60;59;165;164;166
6991;100420;65981;86557;104137;57570;75418;44417
5550;79720;52381;68715;82671;45703;59872;35261
274
275;78
48084;9520
38173;7558
275
276;16;85;83;84;190;188;189
6991;100420;65981;104137;86557;44417;75418;57570
5550;79720;52381;82671;68715;35261;59872;45703
276
277;278;17;18;86;88;87;191;192
72965;67762;58003;56847;108263;57338;77465;84018;47735
57925;53795;46047;45129;85947;45519;61497;66699;37895
277
278;87;323
20523;15477;85027
16293;12287;67501
278
279;18;88;87;193;324
9520;22159;6283;8274;27731;86307
7558;17591;4988;6568;22015;68517
279
280;90
48084;9520
38173;7558
280
281;22;95;96;97;202;200;201
6991;100420;104137;86557;65981;44417;75418;57570
5550;79720;82671;68715;52381;35261;59872;45703
281
282;283;23;24;98;100;99;203;204
72965;67762;58003;56847;108263;57338;77465;84018;47735
57925;53795;46047;45129;85947;45519;61497;66699;37895
282
283;99;328
20523;15477;85027
16293;12287;67501
283
284;24;100;99;205;329
9520;22159;6283;8274;27731;86307
7558;17591;4988;6568;22015;68517
266
267;268;5;6;62;64;63;167;168
72965;67762;58003;56847;108263;57338;77465;84018;47735
57925;53795;46047;45129;85947;45519;61497;66699;37895
284
285;102
48084;9520
38173;7558
285
286;28;109;107;108;212;213;214
6991;100420;65981;104137;86557;75418;57570;44417
5550;79720;52381;82671;68715;59872;45703;35261
286
287;288;29;30;110;111;112;215;216
72965;67762;58003;56847;108263;77465;57338;84018;47735
57925;53795;46047;45129;85947;61497;45519;66699;37895
287
288;111;333
20523;15477;85027
16293;12287;67501
288
289;30;111;112;217;334
9520;22159;8274;6283;27731;86307
7558;17591;6568;4988;22015;68517
289
290;114
48084;9520
38173;7558
290
291;34;119;121;120;225;226;224
6991;100420;104137;65981;86557;57570;44417;75418
5550;79720;82671;52381;68715;45703;35261;59872
291
292;293;35;36;122;123;124;227;228
72965;67762;58003;56847;108263;77465;57338;84018;47735
57925;53795;46047;45129;85947;61497;45519;66699;37895
292
293;123;338
20523;15477;85027
16293;12287;67501
293
294;36;123;124;229;339
9520;22159;8274;6283;27731;86307
7558;17591;6568;4988;22015;68517
267
268;63;313
20523;15477;85027
16293;12287;67501
294
295;126
48084;9520
38173;7558
295
296;40;131;132;133;238;236;237
6991;100420;104137;86557;65981;44417;75418;57570
5550;79720;82671;68715;52381;35261;59872;45703
296
297;298;41;42;134;136;135;239;240
72965;67762;58003;56847;108263;57338;77465;84018;47735
57925;53795;46047;45129;85947;45519;61497;66699;37895
297
298;135;343
20523;15477;85027
16293;12287;67501
298
299;42;136;135;241;344
9520;22159;6283;8274;27731;86307
7558;17591;4988;6568;22015;68517
299
300;138
48084;9520
38173;7558
300
301;46;144;143;145;249;250;248
6991;100420;86557;104137;65981;57570;44417;75418
5550;79720;68715;82671;52381;45703;35261;59872
301
302;303;47;48;146;147;148;251;252
72965;67762;58003;56847;108263;77465;57338;84018;47735
57925;53795;46047;45129;85947;61497;45519;66699;37895
302
303;147;348
20523;15477;85027
16293;12287;67501
303
304;48;147;148;253;349
9520;22159;8274;6283;27731;86307
7558;17591;6568;4988;22015;68517
268
269;6;64;63;169;314
9520;22159;6283;8274;27731;86307
7558;17591;4988;6568;22015;68517
304
305;150
48084;9520
38173;7558
305
306;52;156;155;157;262;260;261
6991;100420;86557;104137;65981;44417;75418;57570
5550;79720;68715;82671;52381;35261;59872;45703
306
307;308;53;158;263
72965;67762;58003;108263;84018
57925;53795;46047;85947;66699
307
308
20523
16293
308
0
0
0
269
270;66
48084;9520
38173;7558
270
271;10;72;73;71;178;176;177
6991;100420;86557;65981;104137;44417;75418;57570
5550;79720;68715;52381;82671;35261;59872;45703
271
272;273;11;12;74;76;75;179;180
72965;67762;58003;56847;108263;57338;77465;84018;47735
57925;53795;46047;45129;85947;45519;61497;66699;37895
272
273;75;318
20523;15477;85027
16293;12287;67501
273
274;12;76;75;181;319
9520;22159;6283;8274;27731;86307
7558;17591;4988;6568;22015;68517
310
311;59;355
20523;15477;85027
16293;12287;67501
319
320;321;15;16;82;83;84;187;188
72965;67762;58003;56847;108263;77465;57338;84018;47735
57925;53795;46047;45129;85947;61497;45519;66699;37895
320
321;83;365
20523;15477;85027
16293;12287;67501
321
322;16;83;84;189;366
9520;22159;8274;6283;27731;86307
7558;17591;6568;4988;22015;68517
322
323;86
48084;9520
38173;7558
323
324;20;92;91;93;198;196;197
6991;100420;86557;104137;65981;44417;75418;57570
5550;79720;68715;82671;52381;35261;59872;45703
324
325;326;21;22;94;95;96;199;200
72965;67762;58003;56847;108263;77465;57338;84018;47735
57925;53795;46047;45129;85947;61497;45519;66699;37895
325
326;95;370
20523;15477;85027
16293;12287;67501
326
327;22;95;96;201;371
9520;22159;8274;6283;27731;86307
7558;17591;6568;4988;22015;68517
327
328;98
48084;9520
38173;7558
328
329;26;103;104;105;208;210;209
6991;100420;104137;86557;65981;75418;44417;57570
5550;79720;82671;68715;52381;59872;35261;45703
311
312;4;60;59;165;356
9520;22159;6283;8274;27731;86307
7558;17591;4988;6568;22015;68517
329
330;331;27;28;106;107;108;211;212
72965;67762;58003;56847;108263;77465;57338;84018;47735
57925;53795;46047;45129;85947;61497;45519;66699;37895
330
331;107;375
20523;15477;85027
16293;12287;67501
331
332;28;107;108;213;376
9520;22159;8274;6283;27731;86307
7558;17591;6568;4988;22015;68517
332
333;110
48084;9520
38173;7558
333
334;32;116;117;115;220;221;222
6991;100420;86557;65981;104137;75418;57570;44417
5550;79720;68715;52381;82671;59872;45703;35261
334
335;336;33;34;118;119;120;223;224
72965;67762;58003;56847;108263;77465;57338;84018;47735
57925;53795;46047;45129;85947;61497;45519;66699;37895
335
336;119;380
20523;15477;85027
16293;12287;67501
336
337;34;119;120;225;381
9520;22159;8274;6283;27731;86307
7558;17591;6568;4988;22015;68517
337
338;122
48084;9520
38173;7558
338
339;38;128;129;127;233;234;232
6991;100420;86557;65981;104137;57570;44417;75418
5550;79720;68715;52381;82671;45703;35261;59872
312
313;62
48084;9520
38173;7558
339
340;341;39;40;130;131;132;235;236
72965;67762;58003;56847;108263;77465;57338;84018;47735
57925;53795;46047;45129;85947;61497;45519;66699;37895
340
341;131;385
20523;15477;85027
16293;12287;67501
341
342;40;131;132;237;386
9520;22159;8274;6283;27731;86307
7558;17591;6568;4988;22015;68517
342
343;134
48084;9520
38173;7558
343
344;44;139;140;141;246;244;245
6991;100420;104137;86557;65981;44417;75418;57570
5550;79720;82671;68715;52381;35261;59872;45703
344
345;346;45;46;142;144;143;247;248
72965;67762;58003;56847;108263;57338;77465;84018;47735
57925;53795;46047;45129;85947;45519;61497;66699;37895
345
346;143;390
20523;15477;85027
16293;12287;67501
346
347;46;144;143;249;391
9520;22159;6283;8274;27731;86307
7558;17591;4988;6568;22015;68517
347
348;146
48084;9520
38173;7558
348
349;50;153;152;151;257;258;256
6991;100420;65981;86557;104137;57570;44417;75418
5550;79720;52381;68715;82671;45703;35261;59872
313
314;8;69;68;67;173;172;174
6991;100420;65981;86557;104137;57570;75418;44417
5550;79720;52381;68715;82671;45703;59872;35261
349
350;351;51;52;154;156;155;259;260
72965;67762;58003;56847;108263;57338;77465;84018;47735
57925;53795;46047;45129;85947;45519;61497;66699;37895
350
351;155;395
20523;15477;85027
16293;12287;67501
351
352;52;156;155;261;396
9520;22159;6283;8274;27731;86307
7558;17591;4988;6568;22015;68517
352
0;158
0;9520
0;7558
314
315;316;9;10;70;72;71;175;176
72965;67762;58003;56847;108263;57338;77465;84018;47735
57925;53795;46047;45129;85947;45519;61497;66699;37895
315
316;71;360
20523;15477;85027
16293;12287;67501
316
317;10;72;71;177;361
9520;22159;6283;8274;27731;86307
7558;17591;4988;6568;22015;68517
317
318;74
48084;9520
38173;7558
318
319;14;81;80;79;186;184;185
6991;100420;65981;86557;104137;44417;75418;57570
5550;79720;52381;68715;82671;35261;59872;45703
354
355;58
48084;9520
38173;7558
363
364;14;80;79;185;276
9520;22159;6283;8274;27731;86307
7558;17591;4988;6568;22015;68517
364
365;82
48084;9520
38173;7558
365
366;18;88;87;89;192;193;194
6991;100420;86557;104137;65981;75418;57570;44417
5550;79720;68715;82671;52381;59872;45703;35261
366
367;368;19;20;90;92;91;195;196
72965;67762;58003;56847;108263;57338;77465;84018;47735
57925;53795;46047;45129;85947;45519;61497;66699;37895
367
368;91;280
20523;15477;85027
16293;12287;67501
368
369;20;92;91;197;281
9520;22159;6283;8274;27731;86307
7558;17591;4988;6568;22015;68517
369
370;94
48084;9520
38173;7558
370
371;24;100;99;101;205;204;206
6991;100420;86557;104137;65981;57570;75418;44417
5550;79720;68715;82671;52381;45703;59872;35261
371
372;373;25;26;102;103;104;207;208
72965;67762;58003;56847;108263;77465;57338;84018;47735
57925;53795;46047;45129;85947;61497;45519;66699;37895
372
373;103;285
20523;15477;85027
16293;12287;67501
355
356;6;64;65;63;170;169;168
6991;100420;86557;65981;104137;44417;57570;75418
5550;79720;68715;52381;82671;35261;45703;59872
373
374;26;103;104;209;286
9520;22159;8274;6283;27731;86307
7558;17591;6568;4988;22015;68517
374
375;106
48084;9520
38173;7558
375
376;30;111;113;112;218;217;216
6991;100420;104137;65981;86557;44417;57570;75418
5550;79720;82671;52381;68715;35261;45703;59872
376
377;378;31;32;114;116;115;219;220
72965;67762;58003;56847;108263;57338;77465;84018;47735
57925;53795;46047;45129;85947;45519;61497;66699;37895
377
378;115;290
20523;15477;85027
16293;12287;67501
378
379;32;116;115;221;291
9520;22159;6283;8274;27731;86307
7558;17591;4988;6568;22015;68517
379
380;118
48084;9520
38173;7558
380
381;36;123;124;125;228;229;230
6991;100420;104137;86557;65981;75418;57570;44417
5550;79720;82671;68715;52381;59872;45703;35261
381
382;383;37;38;126;128;127;231;232
72965;67762;58003;56847;108263;57338;77465;84018;47735
57925;53795;46047;45129;85947;45519;61497;66699;37895
382
383;127;295
20523;15477;85027
16293;12287;67501
356
357;358;7;8;66;68;67;171;172
72965;67762;58003;56847;108263;57338;77465;84018;47735
57925;53795;46047;45129;85947;45519;61497;66699;37895
383
384;38;128;127;233;296
9520;22159;6283;8274;27731;86307
7558;17591;4988;6568;22015;68517
384
385;130
48084;9520
38173;7558
385
386;42;136;137;135;241;240;242
6991;100420;86557;65981;104137;57570;75418;44417
5550;79720;68715;52381;82671;45703;59872;35261
386
387;388;43;44;138;139;140;243;244
72965;67762;58003;56847;108263;77465;57338;84018;47735
57925;53795;46047;45129;85947;61497;45519;66699;37895
387
388;139;300
20523;15477;85027
16293;12287;67501
388
389;44;139;140;245;301
9520;22159;8274;6283;27731;86307
7558;17591;6568;4988;22015;68517
389
390;142
48084;9520
38173;7558
390
391;48;147;149;148;254;252;253
6991;100420;104137;65981;86557;44417;75418;57570
5550;79720;82671;52381;68715;35261;59872;45703
391
392;393;49;50;150;152;151;255;256
72965;67762;58003;56847;108263;57338;77465;84018;47735
57925;53795;46047;45129;85947;45519;61497;66699;37895
392
393;151;305
20523;15477;85027
16293;12287;67501
357
358;67;270
20523;15477;85027
16293;12287;67501
393
394;50;152;151;257;306
9520;22159;6283;8274;27731;86307
7558;17591;4988;6568;22015;68517
394
395;154
48084;9520
38173;7558
395
396
6991
5550
396
0
0
0
358
359;8;68;67;173;271
9520;22159;6283;8274;27731;86307
7558;17591;4988;6568;22015;68517
359
360;70
48084;9520
38173;7558
360
361;12;76;75;77;181;182;180
6991;100420;86557;104137;65981;57570;44417;75418
5550;79720;68715;82671;52381;45703;35261;59872
361
362;363;13;14;78;80;79;183;184
72965;67762;58003;56847;108263;57338;77465;84018;47735
57925;53795;46047;45129;85947;45519;61497;66699;37895
362
363;79;275
20523;15477;85027
16293;12287;67501
1
2
0
0
54
55
0
0
159
160
0
0
264
265
0
0
309
310
0
0
353
354
0
0
Transshipment arcs;377
2
4
11
274;183;13
12
14
13
364;187;15
14
16
15
322;191;17
16
18
17
279;195;19
18
20
19
369;199;21
20
22
3
312;167;5
21
327;203;23
22
24
23
284;207;25
24
26
25
374;211;27
26
28
27
332;215;29
28
30
29
289;219;31
30
32
4
6
31
379;223;33
32
34
33
337;227;35
34
36
35
294;231;37
36
38
37
384;235;39
38
40
39
342;239;41
40
42
5
269;171;7
41
299;243;43
42
44
43
389;247;45
44
46
45
347;251;47
46
48
47
304;255;49
48
50
49
394;259;51
50
52
6
8
51
352;263;53
7
359;175;9
8
10
9
317;179;11
10
12
55
59
64
68
154
158;308
65
69
66
70;316
67
71
68
72
69
73
70
74;273
71
75
72
76
73
77
56
60
74
78;363
75
79
76
80
77
81
78
82;321
79
83
80
84
81
85
82
86;278
83
87
57
61
84
88
85
89
86
90;368
87
91
88
92
89
93
90
94;326
91
95
92
96
93
97
58
62;268
94
98;283
95
99
96
100
97
101
98
102;373
99
103
100
104
101
105
102
106;331
103
107
59
63
104
108
105
109
106
110;288
107
111
108
112
109
113
110
114;378
111
115
112
116
113
117
60
64
114
118;336
115
119
116
120
117
121
118
122;293
119
123
120
124
121
125
122
126;383
123
127
61
65
124
128
125
129
126
130;341
127
131
128
132
129
133
130
134;298
131
135
132
136
133
137
62
66;358
134
138;388
135
139
136
140
137
141
138
142;346
139
143
140
144
141
145
142
146;303
143
147
63
67
144
148
145
149
146
150;393
147
151
148
152
149
153
150
154;351
151
155
152
156
153
157
160
164
169
173
259
51;352;263
263
53
170
174
171
7;359;175
172
176
173
177
174
178
175
9;317;179
176
180
177
181
178
182
161
165
179
11;274;183
180
184
181
185
182
186
183
13;364;187
184
188
185
189
186
190
187
15;322;191
188
192
162
166
189
193
190
194
191
17;279;195
192
196
193
197
194
198
195
19;369;199
196
200
197
201
198
202
163
3;312;167
199
21;327;203
200
204
201
205
202
206
203
23;284;207
204
208
205
209
206
210
207
25;374;211
208
212
164
168
209
213
210
214
211
27;332;215
212
216
213
217
214
218
215
29;289;219
216
220
217
221
218
222
165
169
219
31;379;223
220
224
221
225
222
226
223
33;337;227
224
228
225
229
226
230
227
35;294;231
228
232
166
170
229
233
230
234
231
37;384;235
232
236
233
237
234
238
235
39;342;239
236
240
237
241
238
242
167
5;269;171
239
41;299;243
240
244
241
245
242
246
243
43;389;247
244
248
245
249
246
250
247
45;347;251
248
252
168
172
249
253
250
254
251
47;304;255
252
256
253
257
254
258
255
49;394;259
256
260
257
261
258
262
265
355
274
183;13;364
275
365
276
366
277
367
278
90;368
279
195;19;369
280
370
281
371
282
372
283
102;373
266
356
284
207;25;374
285
375
286
376
287
377
288
114;378
289
219;31;379
290
380
291
381
292
382
293
126;383
267
357
294
231;37;384
295
385
296
386
297
387
298
138;388
299
243;43;389
300
390
301
391
302
392
303
150;393
268
66;358
304
255;49;394
305
395
306
396
269
171;7;359
270
360
271
361
272
362
273
78;363
310
267
319
276
320
277
321
86;278
322
191;17;279
323
280
324
281
325
282
326
98;283
327
203;23;284
328
285
311
62;268
329
286
330
287
331
110;288
332
215;29;289
333
290
334
291
335
292
336
122;293
337
227;35;294
338
295
312
167;5;269
339
296
340
297
341
134;298
342
239;41;299
343
300
344
301
345
302
346
146;303
347
251;47;304
348
305
313
270
349
306
350
307
351
158;308
352
263;53
314
271
315
272
316
74;273
317
179;11;274
318
275
354
163;3;312
363
82;321
364
187;15;322
365
323
366
324
367
325
368
94;326
369
199;21;327
370
328
371
329
372
330
355
313
373
106;331
374
211;27;332
375
333
376
334
377
335
378
118;336
379
223;33;337
380
338
381
339
382
340
356
314
383
130;341
384
235;39;342
385
343
386
344
387
345
388
142;346
389
247;45;347
390
348
391
349
392
350
357
315
393
154;351
394
259;51;352
358
70;316
359
175;9;317
360
318
361
319
362
320
