Sailing arcs;553
2
3;172;214;215;380;478
2340;24240;214935;160542;60999;63866
2788;20936;177842;132836;50472;52845
11
12;136;137;428;483
19771;225142;134382;28693;30222
16359;186288;114301;23741;29167
101
102;244;243;464;537
19771;134382;225142;28693;30222
16359;114301;186288;23741;29167
102
103;202;244;245;325;538
2340;24240;214935;160542;60999;63866
2788;20936;177842;132836;50472;52845
103
104;244;245;414;465
2149;261072;183821;37608;14851
2561;216017;152098;31630;17695
104
105;203;205;245;326;465;539
13066;25166;152405;219309;14389;39321;21792
12121;20823;127070;181462;17144;32535;24403
105
106;205;245
5242;175587;270840
4337;145285;224099
106
107;205;206;466;540
19771;225142;134382;28693;30222
16359;186288;114301;23741;29167
107
108;163;206;207;415;541
2340;24240;214935;160542;60999;63866
2788;20936;177842;132836;50472;52845
108
109;206;207;371;467
2149;261072;183821;37608;14851
2561;216017;152098;31630;17695
109
110;164;207;166;416;467;542
13066;25166;219309;152405;14389;39321;21792
12121;20823;181462;127070;17144;32535;24403
110
111;207;166
5242;270840;175587
4337;224099;145285
12
13;255;137;138;295;484
2340;24240;214935;160542;60999;63866
2788;20936;177842;132836;50472;52845
111
112;167;166;468;543
19771;134382;225142;28693;30222
16359;114301;186288;23741;29167
112
113;285;167;168;372;544
2340;24240;214935;160542;60999;63866
2788;20936;177842;132836;50472;52845
113
114;167;168;329;469
2149;261072;183821;37608;14851
2561;216017;152098;31630;17695
114
115;286;288;168;373;469;545
13066;25166;152405;219309;14389;39321;21792
12121;20823;127070;181462;17144;32535;24403
115
116;288;168
5242;175587;270840
4337;145285;224099
116
117;288;289;470;546
19771;225142;134382;28693;30222
16359;186288;114301;23741;29167
117
118;246;289;290;330;547
2340;24240;214935;160542;60999;63866
2788;20936;177842;132836;50472;52845
118
119;289;290;419;471
2149;261072;183821;37608;14851
2561;216017;152098;31630;17695
119
120;247;249;290;331;471;548
13066;25166;152405;219309;14389;39321;21792
12121;20823;127070;181462;17144;32535;24403
120
121;249;290
5242;175587;270840
4337;145285;224099
13
14;137;138;384;429
2149;261072;183821;37608;14851
2561;216017;152098;31630;17695
121
122;249;250;472;549
19771;225142;134382;28693;30222
16359;186288;114301;23741;29167
122
123;208;250;420;550
2340;24240;214935;60999;63866
2788;20936;177842;50472;52845
123
124;250;376;473
2149;261072;37608;14851
2561;216017;31630;17695
124
125;209;421;473;551
13066;25166;14389;39321;21792
12121;20823;17144;32535;24403
125
126
5242
4337
126
127;474;552
19771;28693;30222
16359;23741;29167
127
128;169;377;553
2340;24240;60999;63866
2788;20936;50472;52845
128
129;475
2149;14851
2561;17695
129
130;170;378;475
13066;25166;14389;39321
12121;20823;17144;32535
130
0
0
0
14
15;256;138;258;296;429;485
13066;25166;219309;152405;14389;39321;21792
12121;20823;181462;127070;17144;32535;24403
15
16;138;258
5242;270840;175587
4337;224099;145285
16
17;259;258;430;486
19771;134382;225142;28693;30222
16359;114301;186288;23741;29167
17
18;216;259;260;385;487
2340;24240;214935;160542;60999;63866
2788;20936;177842;132836;50472;52845
18
19;259;260;341;431
2149;261072;183821;37608;14851
2561;216017;152098;31630;17695
19
20;217;260;219;386;431;488
13066;25166;219309;152405;14389;39321;21792
12121;20823;181462;127070;17144;32535;24403
20
21;260;219
5242;270840;175587
4337;224099;145285
3
4;214;215;336;425
2149;261072;183821;37608;14851
2561;216017;152098;31630;17695
21
22;220;219;432;489
19771;134382;225142;28693;30222
16359;114301;186288;23741;29167
22
23;178;220;221;342;490
2340;24240;214935;160542;60999;63866
2788;20936;177842;132836;50472;52845
23
24;220;221;299;433
2149;261072;183821;37608;14851
2561;216017;152098;31630;17695
24
25;179;221;181;343;433;491
13066;25166;219309;152405;14389;39321;21792
12121;20823;181462;127070;17144;32535;24403
25
26;221;181
5242;270840;175587
4337;224099;145285
26
27;182;181;434;492
19771;134382;225142;28693;30222
16359;114301;186288;23741;29167
27
28;139;182;183;300;493
2340;24240;214935;160542;60999;63866
2788;20936;177842;132836;50472;52845
28
29;182;183;389;435
2149;261072;183821;37608;14851
2561;216017;152098;31630;17695
29
30;140;142;183;301;435;494
13066;25166;152405;219309;14389;39321;21792
12121;20823;127070;181462;17144;32535;24403
30
31;142;183
5242;175587;270840
4337;145285;224099
4
5;173;215;175;381;425;479
13066;25166;219309;152405;14389;39321;21792
12121;20823;181462;127070;17144;32535;24403
31
32;142;143;436;495
19771;225142;134382;28693;30222
16359;186288;114301;23741;29167
32
33;261;143;144;390;496
2340;24240;214935;160542;60999;63866
2788;20936;177842;132836;50472;52845
33
34;143;144;346;437
2149;261072;183821;37608;14851
2561;216017;152098;31630;17695
34
35;262;264;144;391;437;497
13066;25166;152405;219309;14389;39321;21792
12121;20823;127070;181462;17144;32535;24403
35
36;264;144
5242;175587;270840
4337;145285;224099
36
37;264;265;438;498
19771;225142;134382;28693;30222
16359;186288;114301;23741;29167
37
38;222;265;266;347;499
2340;24240;214935;160542;60999;63866
2788;20936;177842;132836;50472;52845
38
39;265;266;304;439
2149;261072;183821;37608;14851
2561;216017;152098;31630;17695
39
40;223;225;266;348;439;500
13066;25166;152405;219309;14389;39321;21792
12121;20823;127070;181462;17144;32535;24403
40
41;225;266
5242;175587;270840
4337;145285;224099
5
6;215;175
5242;270840;175587
4337;224099;145285
41
42;225;226;440;501
19771;225142;134382;28693;30222
16359;186288;114301;23741;29167
42
43;184;226;227;305;502
2340;24240;214935;160542;60999;63866
2788;20936;177842;132836;50472;52845
43
44;226;227;394;441
2149;261072;183821;37608;14851
2561;216017;152098;31630;17695
44
45;185;227;187;306;441;503
13066;25166;219309;152405;14389;39321;21792
12121;20823;181462;127070;17144;32535;24403
45
46;227;187
5242;270840;175587
4337;224099;145285
46
47;187;188;442;504
19771;225142;134382;28693;30222
16359;186288;114301;23741;29167
47
48;145;188;189;395;505
2340;24240;214935;160542;60999;63866
2788;20936;177842;132836;50472;52845
48
49;188;189;351;443
2149;261072;183821;37608;14851
2561;216017;152098;31630;17695
49
50;146;148;189;396;443;506
13066;25166;152405;219309;14389;39321;21792
12121;20823;127070;181462;17144;32535;24403
50
51;148;189
5242;175587;270840
4337;145285;224099
6
7;176;175;426;480
19771;134382;225142;28693;30222
16359;114301;186288;23741;29167
51
52;149;148;444;507
19771;134382;225142;28693;30222
16359;114301;186288;23741;29167
52
53;267;149;150;352;508
2340;24240;214935;160542;60999;63866
2788;20936;177842;132836;50472;52845
53
54;149;150;309;445
2149;261072;183821;37608;14851
2561;216017;152098;31630;17695
54
55;268;270;150;353;445;509
13066;25166;152405;219309;14389;39321;21792
12121;20823;127070;181462;17144;32535;24403
55
56;270;150
5242;175587;270840
4337;145285;224099
56
57;270;271;446;510
19771;225142;134382;28693;30222
16359;186288;114301;23741;29167
57
58;228;271;272;310;511
2340;24240;214935;160542;60999;63866
2788;20936;177842;132836;50472;52845
58
59;271;272;399;447
2149;261072;183821;37608;14851
2561;216017;152098;31630;17695
59
60;229;272;231;311;447;512
13066;25166;219309;152405;14389;39321;21792
12121;20823;181462;127070;17144;32535;24403
60
61;272;231
5242;270840;175587
4337;224099;145285
7
8;133;176;177;337;481
2340;24240;214935;160542;60999;63866
2788;20936;177842;132836;50472;52845
61
62;231;232;448;513
19771;225142;134382;28693;30222
16359;186288;114301;23741;29167
62
63;190;232;233;400;514
2340;24240;214935;160542;60999;63866
2788;20936;177842;132836;50472;52845
63
64;232;233;356;449
2149;261072;183821;37608;14851
2561;216017;152098;31630;17695
64
65;191;193;233;401;449;515
13066;25166;152405;219309;14389;39321;21792
12121;20823;127070;181462;17144;32535;24403
65
66;193;233
5242;175587;270840
4337;145285;224099
66
67;194;193;450;516
19771;134382;225142;28693;30222
16359;114301;186288;23741;29167
67
68;151;194;195;357;517
2340;24240;214935;160542;60999;63866
2788;20936;177842;132836;50472;52845
68
69;194;195;314;451
2149;261072;183821;37608;14851
2561;216017;152098;31630;17695
69
70;152;195;154;358;451;518
13066;25166;219309;152405;14389;39321;21792
12121;20823;181462;127070;17144;32535;24403
70
71;195;154
5242;270840;175587
4337;224099;145285
8
9;176;177;294;427
2149;261072;183821;37608;14851
2561;216017;152098;31630;17695
71
72;154;155;452;519
19771;225142;134382;28693;30222
16359;186288;114301;23741;29167
72
73;273;155;156;315;520
2340;24240;214935;160542;60999;63866
2788;20936;177842;132836;50472;52845
73
74;155;156;404;453
2149;261072;183821;37608;14851
2561;216017;152098;31630;17695
74
75;274;156;276;316;453;521
13066;25166;219309;152405;14389;39321;21792
12121;20823;181462;127070;17144;32535;24403
75
76;156;276
5242;270840;175587
4337;224099;145285
76
77;277;276;454;522
19771;134382;225142;28693;30222
16359;114301;186288;23741;29167
77
78;234;277;278;405;523
2340;24240;214935;160542;60999;63866
2788;20936;177842;132836;50472;52845
78
79;277;278;361;455
2149;261072;183821;37608;14851
2561;216017;152098;31630;17695
79
80;235;237;278;406;455;524
13066;25166;152405;219309;14389;39321;21792
12121;20823;127070;181462;17144;32535;24403
80
81;237;278
5242;175587;270840
4337;145285;224099
9
10;134;136;177;338;427;482
13066;25166;152405;219309;14389;39321;21792
12121;20823;127070;181462;17144;32535;24403
81
82;237;238;456;525
19771;225142;134382;28693;30222
16359;186288;114301;23741;29167
82
83;196;238;239;362;526
2340;24240;214935;160542;60999;63866
2788;20936;177842;132836;50472;52845
83
84;238;239;319;457
2149;261072;183821;37608;14851
2561;216017;152098;31630;17695
84
85;197;239;199;363;457;527
13066;25166;219309;152405;14389;39321;21792
12121;20823;181462;127070;17144;32535;24403
85
86;239;199
5242;270840;175587
4337;224099;145285
86
87;199;200;458;528
19771;225142;134382;28693;30222
16359;186288;114301;23741;29167
87
88;157;200;201;320;529
2340;24240;214935;160542;60999;63866
2788;20936;177842;132836;50472;52845
88
89;200;201;409;459
2149;261072;183821;37608;14851
2561;216017;152098;31630;17695
89
90;158;160;201;321;459;530
13066;25166;152405;219309;14389;39321;21792
12121;20823;127070;181462;17144;32535;24403
90
91;160;201
5242;175587;270840
4337;145285;224099
10
11;136;177
5242;175587;270840
4337;145285;224099
91
92;161;160;460;531
19771;134382;225142;28693;30222
16359;114301;186288;23741;29167
92
93;279;161;162;410;532
2340;24240;214935;160542;60999;63866
2788;20936;177842;132836;50472;52845
93
94;161;162;366;461
2149;261072;183821;37608;14851
2561;216017;152098;31630;17695
94
95;280;162;282;411;461;533
13066;25166;219309;152405;14389;39321;21792
12121;20823;181462;127070;17144;32535;24403
95
96;162;282
5242;270840;175587
4337;224099;145285
96
97;282;283;462;534
19771;225142;134382;28693;30222
16359;186288;114301;23741;29167
97
98;240;283;284;367;535
2340;24240;214935;160542;60999;63866
2788;20936;177842;132836;50472;52845
98
99;283;284;324;463
2149;261072;183821;37608;14851
2561;216017;152098;31630;17695
99
100;241;284;243;368;463;536
13066;25166;219309;152405;14389;39321;21792
12121;20823;181462;127070;17144;32535;24403
100
101;284;243
5242;270840;175587
4337;224099;145285
132
133;134;135;11;10;12;338;294;337;382;427;428;480;481
213049;171084;159243;190238;221416;156516;154404;133942;194120;190432;182729;157718;204460;197579
176282;141559;131761;157407;183205;129505;127757;110827;160620;157568;151195;130500;169175;163482
141
142;143;33;345;302;495;496
264812;152815;22290;12227;31045;48738;42459
219112;126443;18444;10117;27709;40327;35132
142
143;47;49;48;186;306;394;350;442;503
9452;238520;172840;203287;257979;261766;225792;144453;242549;166200
9042;197357;143012;168204;213458;216592;186825;119523;200690;137517
143
144;47;49;48;350;442;503
4896;276362;189213;233886;163007;287957;202333
5834;228668;156559;193523;134876;238262;167415
144
145;146;147;51;50;52;396;351;395;307;443;444;505;504
213049;171084;159243;190238;221416;156516;154404;133942;194120;190432;182729;157718;197579;204460
176282;141559;131761;157407;183205;129505;127757;110827;160620;157568;151195;130500;163482;169175
145
146;51;189
4189;19907;166601
4991;16471;137849
146
147;148;52;189;444;506
15789;150848;15314;234444;17022;11915
13064;124815;18181;193984;17695;9859
147
148;149;53;308;397;507;508
264812;152815;22290;12227;31045;48738;42459
219112;126443;18444;10117;27709;40327;35132
148
149;67;68;69;192;401;356;313;450;515
9452;238520;203287;172840;257979;261766;225792;144453;242549;166200
9042;197357;168204;143012;213458;216592;186825;119523;200690;137517
149
150;67;68;69;313;450;515
4896;276362;233886;189213;163007;287957;202333
5834;228668;193523;156559;134876;238262;167415
150
151;152;153;71;70;72;402;357;358;314;451;452;516;517
213049;171084;159243;190238;221416;156516;190432;194120;154404;133942;182729;157718;204460;197579
176282;141559;131761;157407;183205;129505;157568;160620;127757;110827;151195;130500;169175;163482
133
134;11;177
4189;19907;166601
4991;16471;137849
151
152;71;195
4189;19907;166601
4991;16471;137849
152
153;154;72;195;452;518
15789;150848;15314;234444;17022;11915
13064;124815;18181;193984;17695;9859
153
154;155;73;359;403;519;520
264812;152815;22290;31045;12227;48738;42459
219112;126443;18444;27709;10117;40327;35132
154
155;87;88;89;198;319;363;408;458;527
9452;238520;203287;172840;257979;225792;261766;144453;242549;166200
9042;197357;168204;143012;213458;186825;216592;119523;200690;137517
155
156;87;88;89;408;458;527
4896;276362;233886;189213;163007;287957;202333
5834;228668;193523;156559;134876;238262;167415
156
157;158;159;90;91;92;321;409;364;320;459;460;529;528
213049;171084;159243;221416;190238;156516;154404;133942;190432;194120;182729;157718;197579;204460
176282;141559;131761;183205;157407;129505;127757;110827;157568;160620;151195;130500;163482;169175
157
158;91;201
4189;19907;166601
4991;16471;137849
158
159;160;92;201;460;530
15789;150848;15314;234444;17022;11915
13064;124815;18181;193984;17695;9859
159
160;161;93;365;322;532;531
264812;152815;22290;12227;31045;42459;48738
219112;126443;18444;10117;27709;35132;40327
160
161;109;107;108;204;414;326;370;466;539
9452;172840;238520;203287;257979;225792;261766;144453;242549;166200
9042;143012;197357;168204;213458;186825;216592;119523;200690;137517
134
135;136;12;177;428;482
15789;150848;15314;234444;17022;11915
13064;124815;18181;193984;17695;9859
161
162;109;107;108;370;466;539
4896;189213;276362;233886;163007;287957;202333
5834;156559;228668;193523;134876;238262;167415
162
163;164;165;110;111;112;371;327;415;416;467;468;541;540
213049;171084;159243;221416;190238;156516;133942;190432;194120;154404;182729;157718;197579;204460
176282;141559;131761;183205;157407;129505;110827;157568;160620;127757;151195;130500;163482;169175
163
164;111;207
4189;19907;166601
4991;16471;137849
164
165;166;112;207;468;542
15789;150848;15314;234444;17022;11915
13064;124815;18181;193984;17695;9859
165
166;167;113;417;328;543;544
264812;152815;22290;31045;12227;48738;42459
219112;126443;18444;27709;10117;40327;35132
166
167;129;128;127;210;421;376;333;474;551
9452;172840;203287;238520;257979;261766;225792;144453;242549;166200
9042;143012;168204;197357;213458;216592;186825;119523;200690;137517
167
168;129;128;127;333;474;551
4896;189213;233886;276362;163007;287957;202333
5834;156559;193523;228668;134876;238262;167415
168
169;170;130;377;378;422;475;553;552
213049;171084;221416;194120;154404;190432;182729;197579;204460
176282;141559;183205;160620;127757;157568;151195;163482;169175
169
170
4189
4991
170
0
0
0
135
136;137;13;339;383;483;484
264812;152815;22290;31045;12227;48738;42459
219112;126443;18444;27709;10117;40327;35132
136
137;28;27;29;180;299;343;388;434;491
9452;203287;238520;172840;257979;225792;261766;144453;242549;166200
9042;168204;197357;143012;213458;186825;216592;119523;200690;137517
137
138;28;27;29;388;434;491
4896;233886;276362;189213;163007;287957;202333
5834;193523;228668;156559;134876;238262;167415
138
139;140;141;30;31;32;300;344;301;389;435;436;492;493
213049;171084;159243;221416;190238;156516;194120;190432;154404;133942;182729;157718;204460;197579
176282;141559;131761;183205;157407;129505;160620;157568;127757;110827;151195;130500;169175;163482
139
140;31;183
4189;19907;166601
4991;16471;137849
140
141;142;32;183;436;494
15789;150848;15314;234444;17022;11915
13064;124815;18181;193984;17695;9859
172
173;6;215
4189;19907;166601
4991;16471;137849
181
182;43;42;44;224;304;348;393;440;500
9452;203287;238520;172840;257979;225792;261766;144453;242549;166200
9042;168204;197357;143012;213458;186825;216592;119523;200690;137517
182
183;43;42;44;393;440;500
4896;233886;276362;189213;163007;287957;202333
5834;193523;228668;156559;134876;238262;167415
183
184;185;186;45;46;47;306;305;394;349;441;442;502;501
213049;171084;159243;221416;190238;156516;154404;194120;133942;190432;182729;157718;197579;204460
176282;141559;131761;183205;157407;129505;127757;160620;110827;157568;151195;130500;163482;169175
184
185;46;227
4189;19907;166601
4991;16471;137849
185
186;187;47;227;442;503
15789;150848;15314;234444;17022;11915
13064;124815;18181;193984;17695;9859
186
187;188;48;350;307;505;504
264812;152815;22290;12227;31045;42459;48738
219112;126443;18444;10117;27709;35132;40327
187
188;62;64;63;230;311;399;355;448;512
9452;238520;172840;203287;257979;261766;225792;144453;242549;166200
9042;197357;143012;168204;213458;216592;186825;119523;200690;137517
188
189;62;64;63;355;448;512
4896;276362;189213;233886;163007;287957;202333
5834;228668;156559;193523;134876;238262;167415
189
190;191;192;66;65;67;400;401;356;312;449;450;513;514
213049;171084;159243;190238;221416;156516;194120;154404;133942;190432;182729;157718;204460;197579
176282;141559;131761;157407;183205;129505;160620;127757;110827;157568;151195;130500;169175;163482
190
191;66;233
4189;19907;166601
4991;16471;137849
173
174;175;7;215;426;479
15789;150848;15314;234444;17022;11915
13064;124815;18181;193984;17695;9859
191
192;193;67;233;450;515
15789;150848;15314;234444;17022;11915
13064;124815;18181;193984;17695;9859
192
193;194;68;313;402;516;517
264812;152815;22290;12227;31045;48738;42459
219112;126443;18444;10117;27709;40327;35132
193
194;84;82;83;236;406;361;318;456;524
9452;172840;238520;203287;257979;261766;225792;144453;242549;166200
9042;143012;197357;168204;213458;216592;186825;119523;200690;137517
194
195;84;82;83;318;456;524
4896;189213;276362;233886;163007;287957;202333
5834;156559;228668;193523;134876;238262;167415
195
196;197;198;85;86;87;319;363;407;362;457;458;525;526
213049;171084;159243;221416;190238;156516;133942;154404;190432;194120;182729;157718;204460;197579
176282;141559;131761;183205;157407;129505;110827;127757;157568;160620;151195;130500;169175;163482
196
197;86;239
4189;19907;166601
4991;16471;137849
197
198;199;87;239;458;527
15789;150848;15314;234444;17022;11915
13064;124815;18181;193984;17695;9859
198
199;200;88;408;364;529;528
264812;152815;22290;12227;31045;42459;48738
219112;126443;18444;10117;27709;35132;40327
199
200;102;103;104;242;324;368;413;464;536
9452;238520;203287;172840;257979;225792;261766;144453;242549;166200
9042;197357;168204;143012;213458;186825;216592;119523;200690;137517
200
201;102;103;104;413;464;536
4896;276362;233886;189213;163007;287957;202333
5834;228668;193523;156559;134876;238262;167415
174
175;176;8;293;382;480;481
264812;152815;22290;12227;31045;48738;42459
219112;126443;18444;10117;27709;40327;35132
201
202;203;204;105;106;107;369;325;414;326;465;466;538;537
213049;171084;159243;221416;190238;156516;190432;194120;133942;154404;182729;157718;197579;204460
176282;141559;131761;183205;157407;129505;157568;160620;110827;127757;151195;130500;163482;169175
202
203;106;245
4189;19907;166601
4991;16471;137849
203
204;205;107;245;466;539
15789;150848;15314;234444;17022;11915
13064;124815;18181;193984;17695;9859
204
205;206;108;327;370;541;540
264812;152815;22290;31045;12227;42459;48738
219112;126443;18444;27709;10117;35132;40327
205
206;123;122;124;248;331;419;375;472;548
9452;203287;238520;172840;257979;261766;225792;144453;242549;166200
9042;168204;197357;143012;213458;216592;186825;119523;200690;137517
206
207;123;122;124;375;472;548
4896;233886;276362;189213;163007;287957;202333
5834;193523;228668;156559;134876;238262;167415
207
208;209;210;126;125;127;421;332;420;376;473;474;549;550
213049;171084;159243;190238;221416;156516;154404;190432;194120;133942;182729;157718;204460;197579
176282;141559;131761;157407;183205;129505;127757;157568;160620;110827;151195;130500;169175;163482
208
209;126
4189;19907
4991;16471
209
210;127;474;551
15789;15314;17022;11915
13064;18181;17695;9859
210
0;128;422;333;553;552
0;22290;31045;12227;42459;48738
0;18444;27709;10117;35132;40327
175
176;24;22;23;218;341;386;298;432;488
9452;172840;238520;203287;257979;225792;261766;144453;242549;166200
9042;143012;197357;168204;213458;186825;216592;119523;200690;137517
176
177;24;22;23;298;432;488
4896;189213;276362;233886;163007;287957;202333
5834;156559;228668;193523;134876;238262;167415
177
178;179;180;25;26;27;342;299;387;343;433;434;490;489
213049;171084;159243;221416;190238;156516;194120;133942;190432;154404;182729;157718;197579;204460
176282;141559;131761;183205;157407;129505;160620;110827;157568;127757;151195;130500;163482;169175
178
179;26;221
4189;19907;166601
4991;16471;137849
179
180;181;27;221;434;491
15789;150848;15314;234444;17022;11915
13064;124815;18181;193984;17695;9859
180
181;182;28;388;344;492;493
264812;152815;22290;12227;31045;48738;42459
219112;126443;18444;10117;27709;40327;35132
212
213;214;3;292;335;477;478
264812;152815;22290;31045;12227;48738;42459
219112;126443;18444;27709;10117;40327;35132
221
222;223;224;40;41;42;304;348;347;392;439;440;498;499
213049;171084;159243;221416;190238;156516;133942;154404;194120;190432;182729;157718;204460;197579
176282;141559;131761;183205;157407;129505;110827;127757;160620;157568;151195;130500;169175;163482
222
223;41;266
4189;19907;166601
4991;16471;137849
223
224;225;42;266;440;500
15789;150848;15314;234444;17022;11915
13064;124815;18181;193984;17695;9859
224
225;226;43;393;349;502;501
264812;152815;22290;12227;31045;42459;48738
219112;126443;18444;10117;27709;35132;40327
225
226;59;57;58;269;309;353;398;446;509
9452;172840;238520;203287;257979;225792;261766;144453;242549;166200
9042;143012;197357;168204;213458;186825;216592;119523;200690;137517
226
227;59;57;58;398;446;509
4896;189213;276362;233886;163007;287957;202333
5834;156559;228668;193523;134876;238262;167415
227
228;229;230;60;61;62;354;311;310;399;447;448;511;510
213049;171084;159243;221416;190238;156516;190432;154404;194120;133942;182729;157718;197579;204460
176282;141559;131761;183205;157407;129505;157568;127757;160620;110827;151195;130500;163482;169175
228
229;61;272
4189;19907;166601
4991;16471;137849
229
230;231;62;272;448;512
15789;150848;15314;234444;17022;11915
13064;124815;18181;193984;17695;9859
230
231;232;63;312;355;513;514
264812;152815;22290;31045;12227;48738;42459
219112;126443;18444;27709;10117;40327;35132
213
214;17;19;18;257;296;384;340;430;485
9452;238520;172840;203287;257979;261766;225792;144453;242549;166200
9042;197357;143012;168204;213458;216592;186825;119523;200690;137517
231
232;78;79;77;275;404;316;360;454;521
9452;203287;172840;238520;257979;225792;261766;144453;242549;166200
9042;168204;143012;197357;213458;186825;216592;119523;200690;137517
232
233;78;79;77;360;454;521
4896;233886;189213;276362;163007;287957;202333
5834;193523;156559;228668;134876;238262;167415
233
234;235;236;80;81;82;405;317;406;361;455;456;522;523
213049;171084;159243;221416;190238;156516;194120;190432;154404;133942;182729;157718;204460;197579
176282;141559;131761;183205;157407;129505;160620;157568;127757;110827;151195;130500;169175;163482
234
235;81;278
4189;19907;166601
4991;16471;137849
235
236;237;82;278;456;524
15789;150848;15314;234444;17022;11915
13064;124815;18181;193984;17695;9859
236
237;238;83;407;318;525;526
264812;152815;22290;31045;12227;48738;42459
219112;126443;18444;27709;10117;40327;35132
237
238;97;98;99;281;411;366;323;462;533
9452;238520;203287;172840;257979;261766;225792;144453;242549;166200
9042;197357;168204;143012;213458;216592;186825;119523;200690;137517
238
239;97;98;99;323;462;533
4896;276362;233886;189213;163007;287957;202333
5834;228668;193523;156559;134876;238262;167415
239
240;241;242;100;101;102;324;367;412;368;463;464;535;534
213049;171084;159243;221416;190238;156516;133942;194120;190432;154404;182729;157718;197579;204460
176282;141559;131761;183205;157407;129505;110827;160620;157568;127757;151195;130500;163482;169175
240
241;101;284
4189;19907;166601
4991;16471;137849
214
215;17;19;18;340;430;485
4896;276362;189213;233886;163007;287957;202333
5834;228668;156559;193523;134876;238262;167415
241
242;243;102;284;464;536
15789;150848;15314;234444;17022;11915
13064;124815;18181;193984;17695;9859
242
243;244;103;369;413;538;537
264812;152815;22290;31045;12227;42459;48738
219112;126443;18444;27709;10117;35132;40327
243
244;119;117;118;287;329;373;418;470;545
9452;172840;238520;203287;257979;225792;261766;144453;242549;166200
9042;143012;197357;168204;213458;186825;216592;119523;200690;137517
244
245;119;117;118;418;470;545
4896;189213;276362;233886;163007;287957;202333
5834;156559;228668;193523;134876;238262;167415
245
246;247;248;120;121;122;330;331;374;419;471;472;546;547
213049;171084;159243;221416;190238;156516;194120;154404;190432;133942;182729;157718;204460;197579
176282;141559;131761;183205;157407;129505;160620;127757;157568;110827;151195;130500;169175;163482
246
247;121;290
4189;19907;166601
4991;16471;137849
247
248;249;122;290;472;548
15789;150848;15314;234444;17022;11915
13064;124815;18181;193984;17695;9859
248
249;250;123;375;332;549;550
264812;152815;22290;12227;31045;48738;42459
219112;126443;18444;10117;27709;40327;35132
249
250
9452
9042
250
0
0
0
215
216;217;218;20;21;22;341;385;386;297;431;432;486;487
213049;171084;159243;221416;190238;156516;133942;194120;154404;190432;182729;157718;204460;197579
176282;141559;131761;183205;157407;129505;110827;160620;127757;157568;151195;130500;169175;163482
216
217;21;260
4189;19907;166601
4991;16471;137849
217
218;219;22;260;432;488
15789;150848;15314;234444;17022;11915
13064;124815;18181;193984;17695;9859
218
219;220;23;298;387;490;489
264812;152815;22290;12227;31045;42459;48738
219112;126443;18444;10117;27709;35132;40327
219
220;37;38;39;263;346;391;303;438;497
9452;238520;203287;172840;257979;225792;261766;144453;242549;166200
9042;197357;168204;143012;213458;186825;216592;119523;200690;137517
220
221;37;38;39;303;438;497
4896;276362;233886;189213;163007;287957;202333
5834;228668;193523;156559;134876;238262;167415
252
253;12;13;14;135;338;294;383;428;482
9452;238520;203287;172840;257979;261766;225792;144453;242549;166200
9042;197357;168204;143012;213458;216592;186825;119523;200690;137517
261
262;36;144
4189;19907;166601
4991;16471;137849
262
263;264;37;144;438;497
15789;150848;15314;234444;17022;11915
13064;124815;18181;193984;17695;9859
263
264;265;38;392;303;498;499
264812;152815;22290;31045;12227;48738;42459
219112;126443;18444;27709;10117;40327;35132
264
265;53;52;54;147;396;351;308;444;506
9452;203287;238520;172840;257979;261766;225792;144453;242549;166200
9042;168204;197357;143012;213458;216592;186825;119523;200690;137517
265
266;53;52;54;308;444;506
4896;233886;276362;189213;163007;287957;202333
5834;193523;228668;156559;134876;238262;167415
266
267;268;269;55;56;57;309;353;397;352;445;446;507;508
213049;171084;159243;221416;190238;156516;133942;154404;190432;194120;182729;157718;204460;197579
176282;141559;131761;183205;157407;129505;110827;127757;157568;160620;151195;130500;169175;163482
267
268;56;150
4189;19907;166601
4991;16471;137849
268
269;270;57;150;446;509
15789;150848;15314;234444;17022;11915
13064;124815;18181;193984;17695;9859
269
270;271;58;354;398;511;510
264812;152815;22290;31045;12227;42459;48738
219112;126443;18444;27709;10117;35132;40327
270
271;72;73;74;153;358;314;403;452;518
9452;238520;203287;172840;257979;261766;225792;144453;242549;166200
9042;197357;168204;143012;213458;216592;186825;119523;200690;137517
253
254;12;13;14;383;428;482
4896;276362;233886;189213;163007;287957;202333
5834;228668;193523;156559;134876;238262;167415
271
272;72;73;74;403;452;518
4896;276362;233886;189213;163007;287957;202333
5834;228668;193523;156559;134876;238262;167415
272
273;274;275;76;75;77;404;315;359;316;453;454;519;520
213049;171084;159243;190238;221416;156516;133942;194120;190432;154404;182729;157718;204460;197579
176282;141559;131761;157407;183205;129505;110827;160620;157568;127757;151195;130500;169175;163482
273
274;76;156
4189;19907;166601
4991;16471;137849
274
275;276;77;156;454;521
15789;150848;15314;234444;17022;11915
13064;124815;18181;193984;17695;9859
275
276;277;78;360;317;522;523
264812;152815;22290;12227;31045;48738;42459
219112;126443;18444;10117;27709;40327;35132
276
277;92;93;94;159;321;409;365;460;530
9452;238520;203287;172840;257979;261766;225792;144453;242549;166200
9042;197357;168204;143012;213458;216592;186825;119523;200690;137517
277
278;92;93;94;365;460;530
4896;276362;233886;189213;163007;287957;202333
5834;228668;193523;156559;134876;238262;167415
278
279;280;281;95;96;97;322;411;410;366;461;462;532;531
213049;171084;159243;221416;190238;156516;190432;154404;194120;133942;182729;157718;197579;204460
176282;141559;131761;183205;157407;129505;157568;127757;160620;110827;151195;130500;163482;169175
279
280;96;162
4189;19907;166601
4991;16471;137849
280
281;282;97;162;462;533
15789;150848;15314;234444;17022;11915
13064;124815;18181;193984;17695;9859
254
255;256;257;15;16;17;339;295;296;384;429;430;483;484
213049;171084;159243;221416;190238;156516;190432;194120;154404;133942;182729;157718;204460;197579
176282;141559;131761;183205;157407;129505;157568;160620;127757;110827;151195;130500;169175;163482
281
282;283;98;323;412;535;534
264812;152815;22290;12227;31045;42459;48738
219112;126443;18444;10117;27709;35132;40327
282
283;112;114;113;165;371;416;328;468;542
9452;238520;172840;203287;257979;225792;261766;144453;242549;166200
9042;197357;143012;168204;213458;186825;216592;119523;200690;137517
283
284;112;114;113;328;468;542
4896;276362;189213;233886;163007;287957;202333
5834;228668;156559;193523;134876;238262;167415
284
285;286;287;116;115;117;329;373;417;372;469;470;543;544
213049;171084;159243;190238;221416;156516;133942;154404;190432;194120;182729;157718;204460;197579
176282;141559;131761;157407;183205;129505;110827;127757;157568;160620;151195;130500;169175;163482
285
286;116;168
4189;19907;166601
4991;16471;137849
286
287;288;117;168;470;545
15789;150848;15314;234444;17022;11915
13064;124815;18181;193984;17695;9859
287
288;289;118;374;418;546;547
264812;152815;22290;31045;12227;48738;42459
219112;126443;18444;27709;10117;40327;35132
288
289;378
9452;261766
9042;216592
289
290
4896
5834
290
0
0
0
255
256;16;138
4189;19907;166601
4991;16471;137849
256
257;258;17;138;430;485
15789;150848;15314;234444;17022;11915
13064;124815;18181;193984;17695;9859
257
258;259;18;340;297;486;487
264812;152815;22290;12227;31045;48738;42459
219112;126443;18444;10117;27709;40327;35132
258
259;33;32;34;141;301;389;345;436;494
9452;203287;238520;172840;257979;261766;225792;144453;242549;166200
9042;168204;197357;143012;213458;216592;186825;119523;200690;137517
259
260;33;32;34;345;436;494
4896;233886;276362;189213;163007;287957;202333
5834;193523;228668;156559;134876;238262;167415
260
261;262;263;36;35;37;390;346;391;302;437;438;495;496
213049;171084;159243;190238;221416;156516;194120;133942;154404;190432;182729;157718;204460;197579
176282;141559;131761;157407;183205;129505;160620;110827;127757;157568;151195;130500;169175;163482
292
293;8;9;215;175
18033;45534;32266;201632;125379
21487;37676;33153;166835;104579
301
302;33;32;142
18033;14851;35079;174165
21487;17695;29025;144108
302
303;38;39;264;144
18033;45534;32266;125379;201632
21487;37676;33153;104579;166835
303
304;265;266;347
19040;177554;125840;9753
22686;146913;109311;8135
304
305;45;184;225;226
12866;32899;21207;223686;123734
15329;31468;21454;185083;102381
305
306;46;185;226;227;394
6827;31582;13275;208985;138155;22210
8135;26132;10984;172919;114313;18377
306
307;47;48;187
18033;35079;14851;174165
21487;29025;17695;144108
307
308;53;54;148;189
18033;45534;32266;125379;201632
21487;37676;33153;104579;166835
308
309;149;150;352
19040;177554;125840;9753
22686;146913;109311;8135
309
310;60;228;270;271
12866;32899;21207;223686;123734
15329;31468;21454;185083;102381
310
311;61;229;271;272;399
6827;31582;13275;208985;138155;22210
8135;26132;10984;172919;114313;18377
293
294;176;177;337
19040;177554;125840;9753
22686;146913;109311;8135
311
312;62;63;231
18033;35079;14851;174165
21487;29025;17695;144108
312
313;68;69;193;233
18033;45534;32266;125379;201632
21487;37676;33153;104579;166835
313
314;194;195;357
19040;177554;125840;9753
22686;146913;109311;8135
314
315;75;273;154;155
12866;32899;21207;223686;123734
15329;31468;21454;185083;102381
315
316;76;274;155;156;404
6827;31582;13275;208985;138155;22210
8135;26132;10984;172919;114313;18377
316
317;78;77;276
18033;14851;35079;174165
21487;17695;29025;144108
317
318;84;83;237;278
18033;32266;45534;125379;201632
21487;33153;37676;104579;166835
318
319;238;239;362
19040;177554;125840;9753
22686;146913;109311;8135
319
320;90;157;199;200
12866;32899;21207;223686;123734
15329;31468;21454;185083;102381
320
321;91;158;200;201;409
6827;31582;13275;208985;138155;22210
8135;26132;10984;172919;114313;18377
294
295;15;255;136;137
12866;32899;21207;223686;123734
15329;31468;21454;185083;102381
321
322;92;93;160
18033;35079;14851;174165
21487;29025;17695;144108
322
323;98;99;162;282
18033;45534;32266;201632;125379
21487;37676;33153;166835;104579
323
324;283;284;367
19040;177554;125840;9753
22686;146913;109311;8135
324
325;105;202;244;243
12866;32899;21207;123734;223686
15329;31468;21454;102381;185083
325
326;106;203;244;245;414
6827;31582;13275;208985;138155;22210
8135;26132;10984;172919;114313;18377
326
327;107;108;205
18033;35079;14851;174165
21487;29025;17695;144108
327
328;114;113;207;166
18033;32266;45534;201632;125379
21487;33153;37676;166835;104579
328
329;167;168;372
19040;177554;125840;9753
22686;146913;109311;8135
329
330;120;246;288;289
12866;32899;21207;223686;123734
15329;31468;21454;185083;102381
330
331;121;247;289;290;419
6827;31582;13275;208985;138155;22210
8135;26132;10984;172919;114313;18377
295
296;16;256;137;138;384
6827;31582;13275;208985;138155;22210
8135;26132;10984;172919;114313;18377
331
332;123;122;249
18033;14851;35079;174165
21487;17695;29025;144108
332
333;129;128
18033;32266;45534
21487;33153;37676
333
0;377
0;9753
0;8135
296
297;17;18;258
18033;35079;14851;174165
21487;29025;17695;144108
297
298;24;23;260;219
18033;32266;45534;201632;125379
21487;33153;37676;166835;104579
298
299;220;221;342
19040;177554;125840;9753
22686;146913;109311;8135
299
300;30;139;182;181
12866;32899;21207;123734;223686
15329;31468;21454;102381;185083
300
301;31;140;182;183;389
6827;31582;13275;208985;138155;22210
8135;26132;10984;172919;114313;18377
335
336;214;215;380
19040;177554;125840;9753
22686;146913;109311;8135
344
345;33;34;142;183
18033;45534;32266;125379;201632
21487;37676;33153;104579;166835
345
346;143;144;390
19040;177554;125840;9753
22686;146913;109311;8135
346
347;40;222;264;265
12866;32899;21207;223686;123734
15329;31468;21454;185083;102381
347
348;41;223;265;266;304
6827;31582;13275;208985;138155;22210
8135;26132;10984;172919;114313;18377
348
349;43;42;225
18033;14851;35079;174165
21487;17695;29025;144108
349
350;49;48;227;187
18033;32266;45534;201632;125379
21487;33153;37676;166835;104579
350
351;188;189;395
19040;177554;125840;9753
22686;146913;109311;8135
351
352;55;267;149;148
12866;32899;21207;123734;223686
15329;31468;21454;102381;185083
352
353;56;268;149;150;309
6827;31582;13275;208985;138155;22210
8135;26132;10984;172919;114313;18377
353
354;57;58;270
18033;35079;14851;174165
21487;29025;17695;144108
336
337;10;133;176;175
12866;32899;21207;123734;223686
15329;31468;21454;102381;185083
354
355;64;63;272;231
18033;32266;45534;201632;125379
21487;33153;37676;166835;104579
355
356;232;233;400
19040;177554;125840;9753
22686;146913;109311;8135
356
357;70;151;194;193
12866;32899;21207;123734;223686
15329;31468;21454;102381;185083
357
358;71;152;194;195;314
6827;31582;13275;208985;138155;22210
8135;26132;10984;172919;114313;18377
358
359;72;73;154
18033;35079;14851;174165
21487;29025;17695;144108
359
360;78;79;156;276
18033;45534;32266;201632;125379
21487;37676;33153;166835;104579
360
361;277;278;405
19040;177554;125840;9753
22686;146913;109311;8135
361
362;85;196;237;238
12866;32899;21207;223686;123734
15329;31468;21454;185083;102381
362
363;86;197;238;239;319
6827;31582;13275;208985;138155;22210
8135;26132;10984;172919;114313;18377
363
364;87;88;199
18033;35079;14851;174165
21487;29025;17695;144108
337
338;11;134;176;177;294
6827;31582;13275;208985;138155;22210
8135;26132;10984;172919;114313;18377
364
365;93;94;160;201
18033;45534;32266;125379;201632
21487;37676;33153;104579;166835
365
366;161;162;410
19040;177554;125840;9753
22686;146913;109311;8135
366
367;100;240;282;283
12866;32899;21207;223686;123734
15329;31468;21454;185083;102381
367
368;101;241;283;284;324
6827;31582;13275;208985;138155;22210
8135;26132;10984;172919;114313;18377
368
369;102;103;243
18033;35079;14851;174165
21487;29025;17695;144108
369
370;109;108;205;245
18033;32266;45534;125379;201632
21487;33153;37676;104579;166835
370
371;206;207;415
19040;177554;125840;9753
22686;146913;109311;8135
371
372;115;285;167;166
12866;32899;21207;123734;223686
15329;31468;21454;102381;185083
372
373;116;286;167;168;329
6827;31582;13275;208985;138155;22210
8135;26132;10984;172919;114313;18377
373
374;117;118;288
18033;35079;14851;174165
21487;29025;17695;144108
338
339;12;13;136
18033;35079;14851;174165
21487;29025;17695;144108
374
375;123;124;249;290
18033;45534;32266;125379;201632
21487;37676;33153;104579;166835
375
376;250;420
19040;177554;9753
22686;146913;8135
376
377;130;169
12866;32899;21207
15329;31468;21454
377
378;170
6827;13275
8135;10984
378
0
0
0
339
340;19;18;138;258
18033;32266;45534;201632;125379
21487;33153;37676;166835;104579
340
341;259;260;385
19040;177554;125840;9753
22686;146913;109311;8135
341
342;25;178;220;219
12866;32899;21207;123734;223686
15329;31468;21454;102381;185083
342
343;26;179;220;221;299
6827;31582;13275;208985;138155;22210
8135;26132;10984;172919;114313;18377
343
344;28;27;181
18033;14851;35079;174165
21487;17695;29025;144108
380
381;6;173;214;215;336
6827;31582;13275;208985;138155;22210
8135;26132;10984;172919;114313;18377
389
390;35;261;142;143
12866;32899;21207;223686;123734
15329;31468;21454;185083;102381
390
391;36;262;143;144;346
6827;31582;13275;208985;138155;22210
8135;26132;10984;172919;114313;18377
391
392;37;38;264
18033;35079;14851;174165
21487;29025;17695;144108
392
393;43;44;225;266
18033;45534;32266;125379;201632
21487;37676;33153;104579;166835
393
394;226;227;305
19040;177554;125840;9753
22686;146913;109311;8135
394
395;50;145;187;188
12866;32899;21207;223686;123734
15329;31468;21454;185083;102381
395
396;51;146;188;189;351
6827;31582;13275;208985;138155;22210
8135;26132;10984;172919;114313;18377
396
397;53;52;148
18033;14851;35079;174165
21487;17695;29025;144108
397
398;59;58;270;150
18033;32266;45534;125379;201632
21487;33153;37676;104579;166835
398
399;271;272;310
19040;177554;125840;9753
22686;146913;109311;8135
381
382;8;7;175
18033;14851;35079;174165
21487;17695;29025;144108
399
400;65;190;231;232
12866;32899;21207;223686;123734
15329;31468;21454;185083;102381
400
401;66;191;232;233;356
6827;31582;13275;208985;138155;22210
8135;26132;10984;172919;114313;18377
401
402;67;68;193
18033;35079;14851;174165
21487;29025;17695;144108
402
403;73;74;195;154
18033;45534;32266;201632;125379
21487;37676;33153;166835;104579
403
404;155;156;315
19040;177554;125840;9753
22686;146913;109311;8135
404
405;80;234;277;276
12866;32899;21207;123734;223686
15329;31468;21454;102381;185083
405
406;81;235;277;278;361
6827;31582;13275;208985;138155;22210
8135;26132;10984;172919;114313;18377
406
407;82;83;237
18033;35079;14851;174165
21487;29025;17695;144108
407
408;88;89;239;199
18033;45534;32266;201632;125379
21487;37676;33153;166835;104579
408
409;200;201;320
19040;177554;125840;9753
22686;146913;109311;8135
382
383;13;14;136;177
18033;45534;32266;125379;201632
21487;37676;33153;104579;166835
409
410;95;279;161;160
12866;32899;21207;123734;223686
15329;31468;21454;102381;185083
410
411;96;280;161;162;366
6827;31582;13275;208985;138155;22210
8135;26132;10984;172919;114313;18377
411
412;97;98;282
18033;35079;14851;174165
21487;29025;17695;144108
412
413;103;104;284;243
18033;45534;32266;201632;125379
21487;37676;33153;166835;104579
413
414;244;245;325
19040;177554;125840;9753
22686;146913;109311;8135
414
415;110;163;205;206
12866;32899;21207;223686;123734
15329;31468;21454;185083;102381
415
416;111;164;206;207;371
6827;31582;13275;208985;138155;22210
8135;26132;10984;172919;114313;18377
416
417;112;113;166
18033;35079;14851;174165
21487;29025;17695;144108
417
418;119;118;288;168
18033;32266;45534;125379;201632
21487;33153;37676;104579;166835
418
419;289;290;330
19040;177554;125840;9753
22686;146913;109311;8135
383
384;137;138;295
19040;177554;125840;9753
22686;146913;109311;8135
419
420;125;208;249;250
12866;32899;21207;223686;123734
15329;31468;21454;185083;102381
420
421;126;209;250;376
6827;31582;13275;208985;22210
8135;26132;10984;172919;18377
421
422;128;127
18033;14851;35079
21487;17695;29025
422
0
0
0
384
385;20;216;259;258
12866;32899;21207;123734;223686
15329;31468;21454;102381;185083
385
386;21;217;259;260;341
6827;31582;13275;208985;138155;22210
8135;26132;10984;172919;114313;18377
386
387;22;23;219
18033;35079;14851;174165
21487;29025;17695;144108
387
388;28;29;221;181
18033;45534;32266;201632;125379
21487;37676;33153;166835;104579
388
389;182;183;300
19040;177554;125840;9753
22686;146913;109311;8135
424
425;172;214;215;478
14851;25267;214067;156712;46494
17695;21227;177124;129667;38470
433
434;27;180;221;181;491
18440;16469;19104;238952;153075;14883
17695;18181;15807;197715;126658;12315
434
435;139;182;183;493
14851;25267;214067;156712;46494
17695;21227;177124;129667;38470
435
436;32;141;142;183;494
18440;16469;19104;153075;238952;14883
17695;18181;15807;126658;197715;12315
436
437;261;143;144;496
14851;25267;214067;156712;46494
17695;21227;177124;129667;38470
437
438;37;263;264;144;497
18440;16469;19104;153075;238952;14883
17695;18181;15807;126658;197715;12315
438
439;222;265;266;499
14851;25267;214067;156712;46494
17695;21227;177124;129667;38470
439
440;42;224;225;266;500
18440;16469;19104;153075;238952;14883
17695;18181;15807;126658;197715;12315
440
441;184;226;227;502
14851;25267;214067;156712;46494
17695;21227;177124;129667;38470
441
442;47;186;227;187;503
18440;16469;19104;238952;153075;14883
17695;18181;15807;197715;126658;12315
442
443;145;188;189;505
14851;25267;214067;156712;46494
17695;21227;177124;129667;38470
425
426;7;174;215;175;479
18440;16469;19104;238952;153075;14883
17695;18181;15807;197715;126658;12315
443
444;52;147;148;189;506
18440;16469;19104;153075;238952;14883
17695;18181;15807;126658;197715;12315
444
445;267;149;150;508
14851;25267;214067;156712;46494
17695;21227;177124;129667;38470
445
446;57;269;270;150;509
18440;16469;19104;153075;238952;14883
17695;18181;15807;126658;197715;12315
446
447;228;271;272;511
14851;25267;214067;156712;46494
17695;21227;177124;129667;38470
447
448;62;230;272;231;512
18440;16469;19104;238952;153075;14883
17695;18181;15807;197715;126658;12315
448
449;190;232;233;514
14851;25267;214067;156712;46494
17695;21227;177124;129667;38470
449
450;67;192;193;233;515
18440;16469;19104;153075;238952;14883
17695;18181;15807;126658;197715;12315
450
451;151;194;195;517
14851;25267;214067;156712;46494
17695;21227;177124;129667;38470
451
452;72;153;195;154;518
18440;16469;19104;238952;153075;14883
17695;18181;15807;197715;126658;12315
452
453;273;155;156;520
14851;25267;214067;156712;46494
17695;21227;177124;129667;38470
426
427;133;176;177;481
14851;25267;214067;156712;46494
17695;21227;177124;129667;38470
453
454;77;275;156;276;521
18440;16469;19104;238952;153075;14883
17695;18181;15807;197715;126658;12315
454
455;234;277;278;523
14851;25267;214067;156712;46494
17695;21227;177124;129667;38470
455
456;82;236;237;278;524
18440;16469;19104;153075;238952;14883
17695;18181;15807;126658;197715;12315
456
457;196;238;239;526
14851;25267;214067;156712;46494
17695;21227;177124;129667;38470
457
458;87;198;239;199;527
18440;16469;19104;238952;153075;14883
17695;18181;15807;197715;126658;12315
458
459;157;200;201;529
14851;25267;214067;156712;46494
17695;21227;177124;129667;38470
459
460;92;159;160;201;530
18440;16469;19104;153075;238952;14883
17695;18181;15807;126658;197715;12315
460
461;279;161;162;532
14851;25267;214067;156712;46494
17695;21227;177124;129667;38470
461
462;97;281;162;282;533
18440;16469;19104;238952;153075;14883
17695;18181;15807;197715;126658;12315
462
463;240;283;284;535
14851;25267;214067;156712;46494
17695;21227;177124;129667;38470
427
428;12;135;136;177;482
18440;16469;19104;153075;238952;14883
17695;18181;15807;126658;197715;12315
463
464;102;242;284;243;536
18440;16469;19104;238952;153075;14883
17695;18181;15807;197715;126658;12315
464
465;202;244;245;538
14851;25267;214067;156712;46494
17695;21227;177124;129667;38470
465
466;107;204;205;245;539
18440;16469;19104;153075;238952;14883
17695;18181;15807;126658;197715;12315
466
467;163;206;207;541
14851;25267;214067;156712;46494
17695;21227;177124;129667;38470
467
468;112;165;207;166;542
18440;16469;19104;238952;153075;14883
17695;18181;15807;197715;126658;12315
468
469;285;167;168;544
14851;25267;214067;156712;46494
17695;21227;177124;129667;38470
469
470;117;287;288;168;545
18440;16469;19104;153075;238952;14883
17695;18181;15807;126658;197715;12315
470
471;246;289;290;547
14851;25267;214067;156712;46494
17695;21227;177124;129667;38470
471
472;122;248;249;290;548
18440;16469;19104;153075;238952;14883
17695;18181;15807;126658;197715;12315
472
473;208;250;550
14851;25267;214067;46494
17695;21227;177124;38470
428
429;255;137;138;484
14851;25267;214067;156712;46494
17695;21227;177124;129667;38470
473
474;127;210;551
18440;16469;19104;14883
17695;18181;15807;12315
474
475;169;553
14851;25267;46494
17695;21227;38470
475
0
0
0
429
430;17;257;138;258;485
18440;16469;19104;238952;153075;14883
17695;18181;15807;197715;126658;12315
430
431;216;259;260;487
14851;25267;214067;156712;46494
17695;21227;177124;129667;38470
431
432;22;218;260;219;488
18440;16469;19104;238952;153075;14883
17695;18181;15807;197715;126658;12315
432
433;178;220;221;490
14851;25267;214067;156712;46494
17695;21227;177124;129667;38470
477
478;6;173;174;214;215;381;425
19109;55079;27386;25373;158721;109359;16147;41336
15811;45573;22660;27061;131329;99426;18505;34203
486
487;21;217;218;259;260;386;431
19109;55079;27386;25373;158721;109359;16147;41336
15811;45573;22660;27061;131329;99426;18505;34203
487
488;22;260;432
13355;30002;160623;24519
15913;30982;132903;27871
488
489;24;219;298
9547;32258;156446;6827
11375;26691;129447;8135
489
490;26;179;220;180;221;343;433
19109;55079;27386;158721;25373;109359;16147;41336
15811;45573;22660;131329;27061;99426;18505;34203
490
491;27;221;434
13355;30002;160623;24519
15913;30982;132903;27871
491
492;29;181;388
9547;32258;156446;6827
11375;26691;129447;8135
492
493;31;140;182;141;183;301;435
19109;55079;27386;158721;25373;109359;16147;41336
15811;45573;22660;131329;27061;99426;18505;34203
493
494;32;183;436
13355;30002;160623;24519
15913;30982;132903;27871
494
495;34;142;345
9547;32258;156446;6827
11375;26691;129447;8135
495
496;36;262;263;143;144;391;437
19109;55079;27386;25373;158721;109359;16147;41336
15811;45573;22660;27061;131329;99426;18505;34203
478
479;7;215;426
13355;30002;160623;24519
15913;30982;132903;27871
496
497;37;144;438
13355;30002;160623;24519
15913;30982;132903;27871
497
498;39;264;303
9547;32258;156446;6827
11375;26691;129447;8135
498
499;41;223;224;265;266;348;439
19109;55079;27386;25373;158721;109359;16147;41336
15811;45573;22660;27061;131329;99426;18505;34203
499
500;42;266;440
13355;30002;160623;24519
15913;30982;132903;27871
500
501;44;225;393
9547;32258;156446;6827
11375;26691;129447;8135
501
502;46;185;186;226;227;306;441
19109;55079;27386;25373;158721;109359;16147;41336
15811;45573;22660;27061;131329;99426;18505;34203
502
503;47;227;442
13355;30002;160623;24519
15913;30982;132903;27871
503
504;49;187;350
9547;32258;156446;6827
11375;26691;129447;8135
504
505;51;146;147;188;189;396;443
19109;55079;27386;25373;158721;109359;16147;41336
15811;45573;22660;27061;131329;99426;18505;34203
505
506;52;189;444
13355;30002;160623;24519
15913;30982;132903;27871
479
480;9;175;293
9547;32258;156446;6827
11375;26691;129447;8135
506
507;54;148;308
9547;32258;156446;6827
11375;26691;129447;8135
507
508;56;268;149;269;150;353;445
19109;55079;27386;158721;25373;109359;16147;41336
15811;45573;22660;131329;27061;99426;18505;34203
508
509;57;150;446
13355;30002;160623;24519
15913;30982;132903;27871
509
510;59;270;398
9547;32258;156446;6827
11375;26691;129447;8135
510
511;61;229;230;271;272;311;447
19109;55079;27386;25373;158721;109359;16147;41336
15811;45573;22660;27061;131329;99426;18505;34203
511
512;62;272;448
13355;30002;160623;24519
15913;30982;132903;27871
512
513;64;231;355
9547;32258;156446;6827
11375;26691;129447;8135
513
514;66;191;192;232;233;401;449
19109;55079;27386;25373;158721;109359;16147;41336
15811;45573;22660;27061;131329;99426;18505;34203
514
515;67;233;450
13355;30002;160623;24519
15913;30982;132903;27871
515
516;69;193;313
9547;32258;156446;6827
11375;26691;129447;8135
480
481;11;134;176;135;177;338;427
19109;55079;27386;158721;25373;109359;16147;41336
15811;45573;22660;131329;27061;99426;18505;34203
516
517;71;152;194;153;195;358;451
19109;55079;27386;158721;25373;109359;16147;41336
15811;45573;22660;131329;27061;99426;18505;34203
517
518;72;195;452
13355;30002;160623;24519
15913;30982;132903;27871
518
519;74;154;403
9547;32258;156446;6827
11375;26691;129447;8135
519
520;76;274;275;155;156;316;453
19109;55079;27386;25373;158721;109359;16147;41336
15811;45573;22660;27061;131329;99426;18505;34203
520
521;77;156;454
13355;30002;160623;24519
15913;30982;132903;27871
521
522;79;276;360
9547;32258;156446;6827
11375;26691;129447;8135
522
523;81;235;236;277;278;406;455
19109;55079;27386;25373;158721;109359;16147;41336
15811;45573;22660;27061;131329;99426;18505;34203
523
524;82;278;456
13355;30002;160623;24519
15913;30982;132903;27871
524
525;84;237;318
9547;32258;156446;6827
11375;26691;129447;8135
525
526;86;197;198;238;239;363;457
19109;55079;27386;25373;158721;109359;16147;41336
15811;45573;22660;27061;131329;99426;18505;34203
481
482;12;177;428
13355;30002;160623;24519
15913;30982;132903;27871
526
527;87;239;458
13355;30002;160623;24519
15913;30982;132903;27871
527
528;89;199;408
9547;32258;156446;6827
11375;26691;129447;8135
528
529;91;158;200;159;201;321;459
19109;55079;27386;158721;25373;109359;16147;41336
15811;45573;22660;131329;27061;99426;18505;34203
529
530;92;201;460
13355;30002;160623;24519
15913;30982;132903;27871
530
531;94;160;365
9547;32258;156446;6827
11375;26691;129447;8135
531
532;96;280;161;281;162;411;461
19109;55079;27386;158721;25373;109359;16147;41336
15811;45573;22660;131329;27061;99426;18505;34203
532
533;97;162;462
13355;30002;160623;24519
15913;30982;132903;27871
533
534;99;282;323
9547;32258;156446;6827
11375;26691;129447;8135
534
535;101;241;283;242;284;368;463
19109;55079;27386;158721;25373;109359;16147;41336
15811;45573;22660;131329;27061;99426;18505;34203
535
536;102;284;464
13355;30002;160623;24519
15913;30982;132903;27871
482
483;14;136;383
9547;32258;156446;6827
11375;26691;129447;8135
536
537;104;243;413
9547;32258;156446;6827
11375;26691;129447;8135
537
538;106;203;204;244;245;326;465
19109;55079;27386;25373;158721;109359;16147;41336
15811;45573;22660;27061;131329;99426;18505;34203
538
539;107;245;466
13355;30002;160623;24519
15913;30982;132903;27871
539
540;109;205;370
9547;32258;156446;6827
11375;26691;129447;8135
540
541;111;164;165;206;207;416;467
19109;55079;27386;25373;158721;109359;16147;41336
15811;45573;22660;27061;131329;99426;18505;34203
541
542;112;207;468
13355;30002;160623;24519
15913;30982;132903;27871
542
543;114;166;328
9547;32258;156446;6827
11375;26691;129447;8135
543
544;116;286;167;287;168;373;469
19109;55079;27386;158721;25373;109359;16147;41336
15811;45573;22660;131329;27061;99426;18505;34203
544
545;117;168;470
13355;30002;160623;24519
15913;30982;132903;27871
545
546;119;288;418
9547;32258;156446;6827
11375;26691;129447;8135
483
484;16;256;257;137;138;296;429
19109;55079;27386;25373;158721;109359;16147;41336
15811;45573;22660;27061;131329;99426;18505;34203
546
547;121;247;248;289;290;331;471
19109;55079;27386;25373;158721;109359;16147;41336
15811;45573;22660;27061;131329;99426;18505;34203
547
548;122;290;472
13355;30002;160623;24519
15913;30982;132903;27871
548
549;124;249;375
9547;32258;156446;6827
11375;26691;129447;8135
549
550;126;209;210;250;421;473
19109;55079;27386;25373;158721;16147;41336
15811;45573;22660;27061;131329;18505;34203
550
551;127;474
13355;30002;24519
15913;30982;27871
551
552;129;333
9547;32258;6827
11375;26691;8135
552
553;170;378;475
19109;27386;16147;41336
15811;22660;18505;34203
553
0
0
0
484
485;17;138;430
13355;30002;160623;24519
15913;30982;132903;27871
485
486;19;258;340
9547;32258;156446;6827
11375;26691;129447;8135
1
2
0
0
131
132
0
0
171
172
0
0
211
212
0
0
251
252
0
0
291
292
0
0
334
335
0
0
379
380
0
0
423
424
0
0
476
477
0
0
Transshipment arcs;526
2
7
11
16
101
106
102
107
103
466;108
104
109
105
204;110
106
111
107
112
108
468;113
109
114
110
165;115
12
17
111
116
112
117
113
470;118
114
119
115
287;120
116
121
117
122
118
472;123
119
124
120
248;125
13
430;18
121
126
122
127
123
474;128
124
129
125
210;130
14
19
15
257;20
16
21
17
22
18
432;23
19
24
20
218;25
3
426;8
21
26
22
27
23
434;28
24
29
25
180;30
26
31
27
32
28
436;33
29
34
30
141;35
4
9
31
36
32
37
33
438;38
34
39
35
263;40
36
41
37
42
38
440;43
39
44
40
224;45
5
174;10
41
46
42
47
43
442;48
44
49
45
186;50
46
51
47
52
48
444;53
49
54
50
147;55
6
11
51
56
52
57
53
446;58
54
59
55
269;60
56
61
57
62
58
448;63
59
64
60
230;65
7
12
61
66
62
67
63
450;68
64
69
65
192;70
66
71
67
72
68
452;73
69
74
70
153;75
8
428;13
71
76
72
77
73
454;78
74
79
75
275;80
76
81
77
82
78
456;83
79
84
80
236;85
9
14
81
86
82
87
83
458;88
84
89
85
198;90
86
91
87
92
88
460;93
89
94
90
159;95
10
135;15
91
96
92
97
93
462;98
94
99
95
281;100
96
101
97
102
98
464;103
99
104
100
242;105
132
254
141
35;263
142
264
143
265
144
266
145
267
146
308;445;268;353
147
55;269
148
270
149
271
150
272
133
255
151
273
152
403;453;274;316
153
75;275
154
276
155
277
156
278
157
279
158
365;461;280;411
159
95;281
160
282
134
383;429;256;296
161
283
162
284
163
285
164
328;469;286;373
165
115;287
166
288
167
289
168
290
135
15;257
136
258
137
259
138
260
139
261
140
345;437;262;391
172
133
181
142
182
143
183
144
184
145
185
350;443;146;396
186
50;147
187
148
188
149
189
150
190
151
173
293;427;134;338
191
313;451;152;358
192
70;153
193
154
194
155
195
156
196
157
197
408;459;158;321
198
90;159
199
160
200
161
174
10;135
201
162
202
163
203
370;467;164;416
204
110;165
205
166
206
167
207
168
208
169
209
333;475;170;378
210
130
175
136
176
137
177
138
178
139
179
388;435;140;301
180
30;141
212
5;174
221
183
222
184
223
393;441;185;306
224
45;186
225
187
226
188
227
189
228
190
229
355;449;191;401
230
65;192
213
175
231
193
232
194
233
195
234
196
235
318;457;197;363
236
85;198
237
199
238
200
239
201
240
202
214
176
241
413;465;203;326
242
105;204
243
205
244
206
245
207
246
208
247
375;473;209;421
248
125;210
215
177
216
178
217
298;433;179;343
218
25;180
219
181
220
182
252
213
261
222
262
303;439;223;348
263
40;224
264
225
265
226
266
227
267
228
268
398;447;229;311
269
60;230
270
231
253
214
271
232
272
233
273
234
274
360;455;235;406
275
80;236
276
237
277
238
278
239
279
240
280
323;463;241;368
254
215
281
100;242
282
243
283
244
284
245
285
246
286
418;471;247;331
287
120;248
288
249
289
250
255
216
256
340;431;217;386
257
20;218
258
219
259
220
260
221
292
382
301
345;437;262;391
302
392
303
439;223;348;393
304
394
305
503;395
306
350;443;146;396
307
397
308
445;268;353;398
309
399
310
512;400
293
427;134;338;383
311
355;449;191;401
312
402
313
451;152;358;403
314
404
315
521;405
316
360;455;235;406
317
407
318
457;197;363;408
319
409
320
530;410
294
384
321
365;461;280;411
322
412
323
463;241;368;413
324
414
325
539;415
326
370;467;164;416
327
417
328
469;286;373;418
329
419
330
548;420
295
485;385
331
375;473;209;421
332
422
333
475;170;378
296
340;431;217;386
297
387
298
433;179;343;388
299
389
300
494;390
335
425;173;381;293
344
302
345
437;262;391;303
346
304
347
500;305
348
393;441;185;306
349
307
350
443;146;396;308
351
309
352
509;310
353
398;447;229;311
336
294
354
312
355
449;191;401;313
356
314
357
518;315
358
403;453;274;316
359
317
360
455;235;406;318
361
319
362
527;320
363
408;459;158;321
337
482;295
364
322
365
461;280;411;323
366
324
367
536;325
368
413;465;203;326
369
327
370
467;164;416;328
371
329
372
545;330
373
418;471;247;331
338
383;429;256;296
374
332
375
473;209;421;333
339
297
340
431;217;386;298
341
299
342
491;300
343
388;435;140;301
380
479;337
389
346
390
497;347
391
303;439;223;348
392
349
393
441;185;306;350
394
351
395
506;352
396
308;445;268;353
397
354
398
447;229;311;355
381
293;427;134;338
399
356
400
515;357
401
313;451;152;358
402
359
403
453;274;316;360
404
361
405
524;362
406
318;457;197;363
407
364
408
459;158;321;365
382
339
409
366
410
533;367
411
323;463;241;368
412
369
413
465;203;326;370
414
371
415
542;372
416
328;469;286;373
417
374
418
471;247;331;375
383
429;256;296;340
419
376
420
551;377
421
333;475;170;378
384
341
385
488;342
386
298;433;179;343
387
344
388
435;140;301;345
424
3;426
433
388;435;140;301
434
28;436
435
345;437;262;391
436
33;438
437
303;439;223;348
438
38;440
439
393;441;185;306
440
43;442
441
350;443;146;396
442
48;444
425
293;427;134;338
443
308;445;268;353
444
53;446
445
398;447;229;311
446
58;448
447
355;449;191;401
448
63;450
449
313;451;152;358
450
68;452
451
403;453;274;316
452
73;454
426
8;428
453
360;455;235;406
454
78;456
455
318;457;197;363
456
83;458
457
408;459;158;321
458
88;460
459
365;461;280;411
460
93;462
461
323;463;241;368
462
98;464
427
383;429;256;296
463
413;465;203;326
464
103;466
465
370;467;164;416
466
108;468
467
328;469;286;373
468
113;470
469
418;471;247;331
470
118;472
471
375;473;209;421
472
123;474
428
13;430
473
333;475;170;378
474
128
429
340;431;217;386
430
18;432
431
298;433;179;343
432
23;434
477
480
486
489
487
490
488
342;491
489
492
490
493
491
300;494
492
495
493
496
494
390;497
495
498
478
481
496
499
497
347;500
498
501
499
502
500
305;503
501
504
502
505
503
395;506
504
507
505
508
479
337;482
506
352;509
507
510
508
511
509
310;512
510
513
511
514
512
400;515
513
516
514
517
515
357;518
480
483
516
519
517
520
518
315;521
519
522
520
523
521
405;524
522
525
523
526
524
362;527
525
528
481
484
526
529
527
320;530
528
531
529
532
530
410;533
531
534
532
535
533
367;536
534
537
535
538
482
295;485
536
325;539
537
540
538
541
539
415;542
540
543
541
544
542
372;545
543
546
544
547
545
330;548
483
486
546
549
547
550
548
420;551
549
552
550
553
551
377
484
487
485
385;488
