Demands;605
0
1
4;9;14;19
0;0;350;700
86
375.0
2;11;12;13;15;16;17;18;3;5;6;7;8;10;141;142;143;144;134;135;136;137;138;139;140;239;240;241;282;283;284;285;327;328;329;330
1
1
5;10;15;20
0;0;350;700
41
555.0
2;11;12;13;14;16;17;18;19;3;4;6;7;8;9;141;142;143;144;145;146;134;135;136;137;138;139;140;239;240;241;282;283;284;285;286;327;328;329;330
2
1
5;10;15;20
0;0;350;700
15
400.0
2;11;12;13;14;16;17;18;19;3;4;6;7;8;9;141;142;143;144;145;146;134;135;136;137;138;139;140;239;240;241;282;283;284;285;286;327;328;329;330
3
1
5;10;15;20
0;0;350;700
31
195.0
2;11;12;13;14;16;17;18;19;3;4;6;7;8;9;141;142;143;144;145;146;134;135;136;137;138;139;140;239;240;241;282;283;284;285;286;327;328;329;330
4
131
134;138;142;146
0;0;350;700
110
205.0
11;12;13;14;15;16;17;3;4;5;6;7;8;9;10;132;141;143;144;145;133;135;136;137;139;140;239;240;241;282;283;284;285;326;327;328;329;330
5
131
134;138;142;146
0;0;350;700
5
545.0
11;12;13;14;15;16;17;3;4;5;6;7;8;9;10;132;141;143;144;145;133;135;136;137;139;140;239;240;241;282;283;284;285;326;327;328;329;330
6
131
134;138;142;146
0;0;350;700
19
210.0
11;12;13;14;15;16;17;3;4;5;6;7;8;9;10;132;141;143;144;145;133;135;136;137;139;140;239;240;241;282;283;284;285;326;327;328;329;330
7
236
237
0
145
410.0

8
236
237
0
29
415.0

9
236
237
0
7
420.0

10
236
237
0
7
420.0

11
236
237
0
323
410.0

12
236
237
0
5
625.0

13
236
237
0
4
625.0

14
236
237
0
25
400.0

15
236
238;328;286;243
0;0;350;700
25
525.0
11;12;13;14;15;16;7;8;9;10;141;142;143;136;137;138;139;140;237;239;240;241;242;284;285;327;329;330
16
236
238;328;286;243
0;0;350;700
55
525.0
11;12;13;14;15;16;7;8;9;10;141;142;143;136;137;138;139;140;237;239;240;241;242;284;285;327;329;330
17
281
282
0
8
585.0

18
281
284;241;331;289
0;0;350;700
300
210.0
11;12;13;14;15;16;17;18;19;20;21;6;7;8;9;10;141;142;143;144;145;146;147;148;136;137;138;139;140;239;240;242;282;283;285;286;287;288;327;328;329;330
19
281
284;241;331;289
0;0;350;700
74
550.0
11;12;13;14;15;16;17;18;19;20;21;6;7;8;9;10;141;142;143;144;145;146;147;148;136;137;138;139;140;239;240;242;282;283;285;286;287;288;327;328;329;330
20
281
284;241;331;289
0;0;350;700
54
400.0
11;12;13;14;15;16;17;18;19;20;21;6;7;8;9;10;141;142;143;144;145;146;147;148;136;137;138;139;140;239;240;242;282;283;285;286;287;288;327;328;329;330
21
281
327;285;242;332;290
0;34;34;384;734
145
410.0
11;12;13;14;15;16;17;18;19;20;21;22;23;24;6;7;8;9;10;141;142;143;144;145;146;147;148;149;150;136;137;138;139;140;239;240;241;243;244;282;283;284;286;287;288;289;328;329;330;331
22
281
327;285;242;332;290
0;34;34;384;734
7
420.0
11;12;13;14;15;16;17;18;19;20;21;22;23;24;6;7;8;9;10;141;142;143;144;145;146;147;148;149;150;136;137;138;139;140;239;240;241;243;244;282;283;284;286;287;288;289;328;329;330;331
23
281
327;285;242;332;290
0;34;34;384;734
7
420.0
11;12;13;14;15;16;17;18;19;20;21;22;23;24;6;7;8;9;10;141;142;143;144;145;146;147;148;149;150;136;137;138;139;140;239;240;241;243;244;282;283;284;286;287;288;289;328;329;330;331
24
281
327;285;242;332;290
0;34;34;384;734
5
625.0
11;12;13;14;15;16;17;18;19;20;21;22;23;24;6;7;8;9;10;141;142;143;144;145;146;147;148;149;150;136;137;138;139;140;239;240;241;243;244;282;283;284;286;287;288;289;328;329;330;331
25
281
327;285;242;332;290
0;34;34;384;734
4
625.0
11;12;13;14;15;16;17;18;19;20;21;22;23;24;6;7;8;9;10;141;142;143;144;145;146;147;148;149;150;136;137;138;139;140;239;240;241;243;244;282;283;284;286;287;288;289;328;329;330;331
26
281
327;285;242;332;290
0;34;34;384;734
25
400.0
11;12;13;14;15;16;17;18;19;20;21;22;23;24;6;7;8;9;10;141;142;143;144;145;146;147;148;149;150;136;137;138;139;140;239;240;241;243;244;282;283;284;286;287;288;289;328;329;330;331
27
281
328;286;243;333;291
0;34;34;384;734
25
525.0
11;12;13;14;15;16;17;18;19;20;21;22;23;24;25;26;6;7;8;9;10;141;142;143;144;145;146;147;148;149;150;151;136;137;138;139;140;239;240;241;242;244;245;282;283;284;285;287;288;289;290;327;329;330;331;332
28
325
326
0
300
210.0

29
325
326
0
74
550.0

30
325
326
0
54
400.0

31
325
327;285;242;332
0;0;350;700
145
410.0
11;12;13;14;15;16;17;18;19;7;8;9;10;141;142;143;144;145;146;135;136;137;138;139;140;239;240;241;284;286;287;326;328;329;330;331
32
325
327;285;242;332
0;0;350;700
29
415.0
11;12;13;14;15;16;17;18;19;7;8;9;10;141;142;143;144;145;146;135;136;137;138;139;140;239;240;241;284;286;287;326;328;329;330;331
33
325
327;285;242;332
0;0;350;700
7
420.0
11;12;13;14;15;16;17;18;19;7;8;9;10;141;142;143;144;145;146;135;136;137;138;139;140;239;240;241;284;286;287;326;328;329;330;331
34
325
327;285;242;332
0;0;350;700
7
420.0
11;12;13;14;15;16;17;18;19;7;8;9;10;141;142;143;144;145;146;135;136;137;138;139;140;239;240;241;284;286;287;326;328;329;330;331
35
325
327;285;242;332
0;0;350;700
5
625.0
11;12;13;14;15;16;17;18;19;7;8;9;10;141;142;143;144;145;146;135;136;137;138;139;140;239;240;241;284;286;287;326;328;329;330;331
36
325
327;285;242;332
0;0;350;700
4
625.0
11;12;13;14;15;16;17;18;19;7;8;9;10;141;142;143;144;145;146;135;136;137;138;139;140;239;240;241;284;286;287;326;328;329;330;331
37
325
327;285;242;332
0;0;350;700
25
400.0
11;12;13;14;15;16;17;18;19;7;8;9;10;141;142;143;144;145;146;135;136;137;138;139;140;239;240;241;284;286;287;326;328;329;330;331
38
325
328;286;243;333
0;0;350;700
25
525.0
11;12;13;14;15;16;17;18;19;20;21;7;8;9;10;141;142;143;144;145;146;147;135;136;137;138;139;140;239;240;241;242;284;285;287;288;326;327;329;330;331;332
39
5;10;15;20
328;286;243;333
0;35;69;69
27
525.0
11;12;13;14;16;17;18;19;21;6;7;8;9;141;142;143;144;145;146;147;136;137;138;139;140;239;240;241;242;284;285;287;288;329;330;331;332
40
5;10;15
285;242;332
0;34;34
153
410.0
11;12;13;14;16;17;18;19;6;7;8;9;141;142;143;144;145;146;136;137;138;139;140;239;240;241;284;286;287;328;329;330;331
41
5;10;15
284;241;331
0;34;34
297
210.0
11;12;13;14;16;6;7;8;9;141;142;143;144;136;137;138;139;140;239;240;285;328;329;330
42
5;10
9;14
0;0
84
375.0
11;12;13;6;7;8;136;137;138;139;140;239;240;284
43
5;10;15
138;142;146
0;34;34
109
205.0
11;12;13;14;16;17;6;7;8;9;141;143;144;145;136;137;139;140;239;240;241;284;285;328;329;330
44
283;139;240;11
285;242
0;0
29
415.0
12;13;14;7;8;9;141;142;136;137;138;140;239;241;284;328;329
45
133;137;141;145
327;285;242;332
0;35;69;69
6
420.0
11;12;13;14;15;16;17;18;19;5;6;7;8;9;10;142;143;144;146;134;135;136;138;139;140;239;240;241;282;283;284;286;287;328;329;330;331
46
132;136;140;144
327;285;242;332
0;35;69;69
6
420.0
11;12;13;14;15;16;17;18;19;3;4;5;6;7;8;9;10;141;142;143;145;146;133;134;135;137;138;139;239;240;241;282;283;284;286;287;326;328;329;330;331
47
238;328;286;243
10;15;20;25
0;35;69;69
42
555.0
11;12;13;14;16;17;18;19;21;22;23;24;141;142;143;144;145;146;147;148;149;150;139;140;239;240;241;242;285;287;288;329;330;331
48
238;328
239;329
0;0
8
585.0
11;12;10;141;139;140;240
49
238;328
241;331
0;0
71
550.0
11;12;13;14;15;16;10;141;142;143;144;139;140;239;240;285;329;330
50
238;328;286
142;146;150
0;34;34
5
545.0
11;12;13;14;15;16;17;18;19;20;21;22;10;141;143;144;145;147;148;149;139;140;239;240;241;242;285;287;288;329;330;331
51
237;327;285;242
10;15;20;25
0;35;69;69
14
400.0
11;12;13;14;16;17;18;19;21;22;23;24;7;8;9;141;142;143;144;145;146;147;148;149;150;136;137;138;139;140;238;239;240;241;243;284;286;287;288;328;329;330;331
52
237;327;285
284;241;331
0;34;34
50
400.0
11;12;13;14;15;16;7;8;9;10;141;142;143;144;136;137;138;139;140;238;239;240;328;329;330
53
326;284;241;331;289;246
10;15;20;25;30;35
0;35;70;104;104;454
30
195.0
11;12;13;14;16;17;18;19;21;22;23;24;26;27;28;29;31;32;33;34;7;8;9;141;142;143;144;145;146;147;148;149;150;151;152;153;154;155;156;157;158;135;136;137;138;139;140;239;240;242;243;244;245;291;285;286;287;288;290;335;327;328;329;330;332;333;334
54
326;284
328;286
0;0
57
525.0
11;7;8;9;10;135;136;137;138;139;239;240;285;327
55
326;284
327;285
0;0
321
410.0
7;8;9;135;136;137;138;239
56
326;284;241;331;289
138;142;146;150;154
0;35;70;104;104
19
210.0
11;12;13;14;15;16;17;18;19;20;21;22;23;24;25;26;27;7;8;9;10;141;143;144;145;147;148;149;151;152;153;135;136;137;139;140;239;240;242;243;244;245;285;286;287;288;327;328;329;330;332
57
2;7;12;17
327;285;242;332
0;35;69;69
4
625.0
11;13;14;15;16;18;19;3;4;5;6;8;9;10;141;142;143;144;145;146;134;135;136;137;138;139;140;239;240;241;282;283;284;286;287;328;329;330;331
58
4;9
5;10
0;0
87
405.0
7;136;137;138;283
59
3;8;13;18
327;285;242;332
0;35;69;69
3
625.0
11;12;14;15;16;17;19;4;5;6;7;9;10;141;142;143;144;145;146;135;136;137;138;139;140;239;240;241;283;284;286;287;328;329;330;331
60
134;138;142;146
327;285;242;332
0;35;69;69
23
400.0
11;12;13;14;15;16;17;18;19;5;6;7;8;9;10;141;143;144;145;135;136;137;139;140;239;240;241;284;286;287;328;329;330;331
61
10;15;20;25
286;243;333;291
0;35;69;69
25
525.0
11;12;13;14;16;17;18;19;21;22;23;24;26;141;142;143;144;145;146;147;148;149;150;151;140;241;242;244;245;287;288;289;290;329;330;331;332
62
10;15;20
242;332;290
0;34;34
155
410.0
11;12;13;14;16;17;18;19;21;22;23;24;141;142;143;144;145;146;147;148;149;150;140;241;243;244;286;287;288;289;329;330;331
63
10;15;20
241;331;289
0;34;34
289
210.0
11;12;13;14;16;17;18;19;21;141;142;143;144;145;146;147;148;140;242;286;287;288;329;330
64
10;15
14;19
0;0
79
375.0
11;12;13;16;17;18;141;142;143;144;140;241;329;330
65
10;15;20
142;146;150
0;34;34
105
205.0
11;12;13;14;16;17;18;19;21;22;141;143;144;145;147;148;149;140;241;242;286;287;288;329;330;331
66
240;143;330;16
242;332
0;0
27
415.0
12;13;14;17;18;19;141;142;144;145;146;140;241;286;287;329;331
67
137;141;145;149
285;242;332;290
0;35;69;69
6
420.0
11;12;13;14;15;16;17;18;19;20;21;22;23;24;10;142;143;144;146;147;148;150;138;139;140;239;240;241;243;244;286;287;288;289;329;330;331
68
136;140;144;148
285;242;332;290
0;35;69;69
6
420.0
11;12;13;14;15;16;17;18;19;20;21;22;23;24;8;9;10;141;142;143;145;146;147;149;150;137;138;139;239;240;241;243;244;284;286;287;288;289;329;330;331
69
328;286;243;333
15;20;25;30
0;35;69;69
40
555.0
16;17;18;19;21;22;23;24;26;27;28;29;143;144;145;146;147;148;149;150;151;152;153;154;242;244;245;287;288;289;329;330;331;332
70
328;286
329;287
0;0
7
585.0
15;16;17;143;144;145;330
71
328;286
331;289
0;0
68
550.0
15;16;17;18;19;20;21;143;144;145;146;147;148;242;287;288;329;330
72
328;286;243
146;150;154
0;34;34
4
545.0
15;16;17;18;19;20;21;22;23;24;25;26;27;143;144;145;147;148;149;151;152;153;242;244;245;287;288;289;329;330;331;332
73
327;285;242;332
15;20;25;30
0;35;69;69
14
400.0
12;13;14;16;17;18;19;21;22;23;24;26;27;28;29;141;142;143;144;145;146;147;148;149;150;151;152;153;154;140;241;243;244;245;286;287;288;289;328;329;330;331;333
74
327;285;242
241;331;289
0;34;34
54
400.0
12;13;14;15;16;17;18;19;20;21;141;142;143;144;145;146;147;148;140;286;287;288;328;329;330
75
284;241;331;289;246;336
15;20;25;30;35;40
0;35;70;104;104;454
28
195.0
12;13;14;16;17;18;19;21;22;23;24;26;27;28;29;31;32;33;34;36;37;38;39;141;142;143;144;145;146;147;148;149;150;151;152;153;154;155;156;157;158;159;160;161;162;139;140;247;248;242;243;244;245;291;292;293;285;286;287;288;290;335;329;330;332;333;334
76
284;241
286;243
0;0
57
525.0
12;13;14;15;16;141;142;143;139;140;242;285;329;330
77
284;241
285;242
0;0
314
410.0
12;13;14;141;142;139;140;329
78
284;241;331;289;246
142;146;150;154;158
0;35;70;104;104
17
210.0
12;13;14;15;16;17;18;19;20;21;22;23;24;25;26;27;28;29;30;31;32;141;143;144;145;147;148;149;151;152;153;155;156;157;139;140;242;243;244;245;285;286;287;288;290;335;329;330;332;333;334
79
7;12;17;22
285;242;332;290
0;35;69;69
4
625.0
11;13;14;15;16;18;19;20;21;23;24;8;9;10;141;142;143;144;145;146;147;148;149;150;138;139;140;239;240;241;243;244;286;287;288;289;329;330;331
80
9;14
10;15
0;0
88
405.0
12;141;142;140;240
81
8;13;18;23
285;242;332;290
0;35;69;69
3
625.0
11;12;14;15;16;17;19;20;21;22;24;9;10;141;142;143;144;145;146;147;148;149;150;139;140;240;241;243;244;286;287;288;289;329;330;331
82
138;142;146;150
285;242;332;290
0;35;69;69
26
400.0
11;12;13;14;15;16;17;18;19;20;21;22;23;24;10;141;143;144;145;147;148;149;139;140;241;243;244;286;287;288;289;329;330;331
83
15;20;25;30
243;333;291;248
0;35;69;69
28
525.0
16;17;18;19;21;22;23;24;26;27;28;29;31;144;145;146;147;148;149;150;151;152;153;154;155;246;247;244;245;287;288;289;290;335;331;332;334
84
15;20;25
332;290;247
0;34;34
145
410.0
16;17;18;19;21;22;23;24;26;27;28;29;144;145;146;147;148;149;150;151;152;153;154;246;243;244;245;287;288;289;331;333;334
85
15;20;25
331;289;246
0;34;34
302
210.0
16;17;18;19;21;22;23;24;26;144;145;146;147;148;149;150;151;152;243;244;245;287;288;332
86
15;20
19;24
0;0
79
375.0
16;17;18;21;22;23;144;145;146;147;148;287;288;331
87
15;20;25
146;150;154
0;34;34
102
205.0
16;17;18;19;21;22;23;24;26;27;144;145;147;148;149;151;152;153;243;244;245;287;288;289;331;332
88
330;147;288;21
332;290
0;0
29
415.0
17;18;19;22;23;24;144;145;146;148;149;150;243;244;287;289;331
89
141;145;149;153
242;332;290;247
0;35;69;69
7
420.0
15;16;17;18;19;20;21;22;23;24;25;26;27;28;29;142;143;144;146;147;148;150;151;152;154;246;243;244;245;287;288;289;329;330;331;333;334
90
140;144;148;152
242;332;290;247
0;35;69;69
6
420.0
13;14;15;16;17;18;19;20;21;22;23;24;25;26;27;28;29;141;142;143;145;146;147;149;150;151;153;154;246;241;243;244;245;287;288;289;329;330;331;333;334
91
286;243;333;291
20;25;30;35
0;35;69;69
40
555.0
21;22;23;24;26;27;28;29;31;32;33;34;147;148;149;150;151;152;153;154;155;156;157;158;246;244;245;287;288;289;290;335;332;334
92
286;243
287;244
0;0
8
585.0
20;21;22;147;148;149;288
93
286;243
289;246
0;0
72
550.0
20;21;22;23;24;25;26;147;148;149;150;151;152;244;245;287;288;332
94
286;243;333
150;154;158
0;34;34
5
545.0
20;21;22;23;24;25;26;27;28;29;30;31;32;147;148;149;151;152;153;155;156;157;246;244;245;287;288;289;290;335;332;334
95
285;242;332;290
20;25;30;35
0;35;69;69
14
400.0
17;18;19;21;22;23;24;26;27;28;29;31;32;33;34;144;145;146;147;148;149;150;151;152;153;154;155;156;157;158;246;243;244;245;291;286;287;288;289;335;331;333;334
96
285;242;332
331;289;246
0;34;34
51
400.0
17;18;19;20;21;22;23;24;25;26;144;145;146;147;148;149;150;151;152;243;244;245;286;287;288
97
241;331;289;246;336;294
20;25;30;35;40;45
0;35;70;104;104;454
33
195.0
17;18;19;21;22;23;24;26;27;28;29;31;32;33;34;36;37;38;39;41;42;43;44;143;144;145;146;147;148;149;150;151;152;153;154;155;156;157;158;159;160;161;162;163;164;165;166;247;248;249;250;242;243;244;245;291;292;293;287;288;290;335;337;338;332;333;334
98
241;331
243;333
0;0
56
525.0
17;18;19;20;21;143;144;145;146;147;242;287;288;332
99
241;331
242;332
0;0
318
410.0
17;18;19;143;144;145;146;287
100
241;331;289;246;336
146;150;154;158;162
0;35;70;104;104
18
210.0
17;18;19;20;21;22;23;24;25;26;27;28;29;30;31;32;33;34;35;36;37;143;144;145;147;148;149;151;152;153;155;156;157;159;160;161;247;242;243;244;245;291;292;293;287;288;290;335;332;333;334
101
12;17;22;27
242;332;290;247
0;35;69;69
4
625.0
13;14;15;16;18;19;20;21;23;24;25;26;28;29;142;143;144;145;146;147;148;149;150;151;152;153;154;246;243;244;245;287;288;289;329;330;331;333;334
102
14;19
15;20
0;0
86
405.0
17;144;145;146;330
103
13;18;23;28
242;332;290;247
0;35;69;69
4
625.0
14;15;16;17;19;20;21;22;24;25;26;27;29;143;144;145;146;147;148;149;150;151;152;153;154;246;243;244;245;287;288;289;330;331;333;334
104
142;146;150;154
242;332;290;247
0;35;69;69
25
400.0
15;16;17;18;19;20;21;22;23;24;25;26;27;28;29;143;144;145;147;148;149;151;152;153;246;243;244;245;287;288;289;331;333;334
105
20;25;30;35
333;291;248;338
0;35;69;69
26
525.0
21;22;23;24;26;27;28;29;31;32;33;34;36;148;149;150;151;152;153;154;155;156;157;158;159;246;247;244;245;292;293;289;290;335;336;337;334
106
20;25;30
290;247;337
0;34;34
151
410.0
21;22;23;24;26;27;28;29;31;32;33;34;148;149;150;151;152;153;154;155;156;157;158;246;244;245;291;292;289;335;336;333;334
107
20;25;30
289;246;336
0;34;34
304
210.0
21;22;23;24;26;27;28;29;31;148;149;150;151;152;153;154;155;156;244;245;290;335;333;334
108
20;25
24;29
0;0
84
375.0
21;22;23;26;27;28;148;149;150;151;152;244;245;289
109
20;25;30
150;154;158
0;34;34
105
205.0
21;22;23;24;26;27;28;29;31;32;148;149;151;152;153;155;156;157;246;244;245;289;290;335;333;334
110
288;151;245;26
290;247
0;0
31
415.0
22;23;24;27;28;29;148;149;150;152;153;154;246;244;289;333;334
111
145;149;153;157
332;290;247;337
0;35;69;69
7
420.0
20;21;22;23;24;25;26;27;28;29;30;31;32;33;34;146;147;148;150;151;152;154;155;156;158;246;244;245;291;292;287;288;289;335;336;333;334
112
144;148;152;156
332;290;247;337
0;35;69;69
6
420.0
18;19;20;21;22;23;24;25;26;27;28;29;30;31;32;33;34;145;146;147;149;150;151;153;154;155;157;158;246;244;245;291;292;287;288;289;335;336;331;333;334
113
243;333;291;248
25;30;35;40
0;35;69;69
38
555.0
26;27;28;29;31;32;33;34;36;37;38;39;151;152;153;154;155;156;157;158;159;160;161;162;246;247;244;245;292;293;290;335;336;334
114
243;333
244;334
0;0
8
585.0
25;26;27;151;152;153;245
115
243;333
246;336
0;0
76
550.0
25;26;27;28;29;30;31;151;152;153;154;155;156;244;245;290;335;334
116
243;333;291
154;158;162
0;34;34
4
545.0
25;26;27;28;29;30;31;32;33;34;35;36;37;151;152;153;155;156;157;159;160;161;246;247;244;245;292;293;290;335;336;334
117
242;332;290;247
25;30;35;40
0;35;69;69
15
400.0
22;23;24;26;27;28;29;31;32;33;34;36;37;38;39;148;149;150;151;152;153;154;155;156;157;158;159;160;161;162;246;248;243;244;245;291;292;293;289;335;336;333;334
118
242;332;290
289;246;336
0;34;34
51
400.0
22;23;24;25;26;27;28;29;30;31;148;149;150;151;152;153;154;155;156;243;244;245;335;333;334
119
331;289;246;336;294;251
25;30;35;40;45;50
0;35;70;104;104;454
33
195.0
22;23;24;26;27;28;29;31;32;33;34;36;37;38;39;41;42;43;44;46;47;48;49;147;148;149;150;151;152;153;154;155;156;157;158;159;160;161;162;163;164;165;166;167;168;169;170;247;248;249;250;244;245;291;292;293;295;296;290;335;337;338;339;340;332;333;334
120
331;289
333;291
0;0
59
525.0
22;23;24;25;26;147;148;149;150;151;244;245;290;332
121
331;289
332;290
0;0
313
410.0
22;23;24;147;148;149;150;244
122
331;289;246;336;294
150;154;158;162;166
0;35;70;104;104
18
210.0
22;23;24;25;26;27;28;29;30;31;32;33;34;35;36;37;38;39;40;41;42;147;148;149;151;152;153;155;156;157;159;160;161;163;164;165;247;248;249;250;244;245;291;292;293;290;335;337;332;333;334
123
17;22;27;32
332;290;247;337
0;35;69;69
4
625.0
18;19;20;21;23;24;25;26;28;29;30;31;33;34;146;147;148;149;150;151;152;153;154;155;156;157;158;246;244;245;291;292;287;288;289;335;336;333;334
124
19;24
20;25
0;0
89
405.0
22;148;149;150;288
125
18;23;28;33
332;290;247;337
0;35;69;69
3
625.0
19;20;21;22;24;25;26;27;29;30;31;32;34;147;148;149;150;151;152;153;154;155;156;157;158;246;244;245;291;292;288;289;335;336;333;334
126
146;150;154;158
332;290;247;337
0;35;69;69
24
400.0
20;21;22;23;24;25;26;27;28;29;30;31;32;33;34;147;148;149;151;152;153;155;156;157;246;244;245;291;292;289;335;336;333;334
127
25;30;35;40
291;248;338;296
0;35;69;69
25
525.0
26;27;28;29;31;32;33;34;36;37;38;39;41;152;153;154;155;156;157;158;159;160;161;162;163;246;247;249;250;292;293;294;295;335;336;337;334
128
25;30;35
247;337;295
0;34;34
153
410.0
26;27;28;29;31;32;33;34;36;37;38;39;152;153;154;155;156;157;158;159;160;161;162;246;248;249;291;292;293;294;335;336;334
129
25;30;35
246;336;294
0;34;34
289
210.0
26;27;28;29;31;32;33;34;36;152;153;154;155;156;157;158;159;160;247;291;292;293;335;334
130
25;30
29;34
0;0
83
375.0
26;27;28;31;32;33;152;153;154;155;156;246;335;334
131
25;30;35
154;158;162
0;34;34
101
205.0
26;27;28;29;31;32;33;34;36;37;152;153;155;156;157;159;160;161;246;247;291;292;293;335;336;334
132
245;155;335;31
247;337
0;0
29
415.0
27;28;29;32;33;34;152;153;154;156;157;158;246;291;292;336;334
133
149;153;157;161
290;247;337;295
0;35;69;69
6
420.0
25;26;27;28;29;30;31;32;33;34;35;36;37;38;39;150;151;152;154;155;156;158;159;160;162;246;248;249;244;245;291;292;293;294;335;336;334
134
148;152;156;160
290;247;337;295
0;35;69;69
6
420.0
23;24;25;26;27;28;29;30;31;32;33;34;35;36;37;38;39;149;150;151;153;154;155;157;158;159;161;162;246;248;249;244;245;291;292;293;294;289;335;336;334
135
333;291;248;338
30;35;40;45
0;35;69;69
41
555.0
31;32;33;34;36;37;38;39;41;42;43;44;155;156;157;158;159;160;161;162;163;164;165;166;247;249;250;292;293;294;335;336;337;334
136
333;291
334;292
0;0
7
585.0
30;31;32;155;156;157;335
137
333;291
336;294
0;0
72
550.0
30;31;32;33;34;35;36;155;156;157;158;159;160;247;292;293;335;334
138
333;291;248
158;162;166
0;34;34
4
545.0
30;31;32;33;34;35;36;37;38;39;40;41;42;155;156;157;159;160;161;163;164;165;247;249;250;292;293;294;335;336;337;334
139
332;290;247;337
30;35;40;45
0;35;69;69
16
400.0
27;28;29;31;32;33;34;36;37;38;39;41;42;43;44;152;153;154;155;156;157;158;159;160;161;162;163;164;165;166;246;248;249;250;291;292;293;294;335;336;338;333;334
140
332;290;247
246;336;294
0;34;34
55
400.0
27;28;29;30;31;32;33;34;35;36;152;153;154;155;156;157;158;159;160;291;292;293;335;333;334
141
289;246;336;294;251;341
30;35;40;45;50;55
0;35;70;104;104;454
35
195.0
27;28;29;31;32;33;34;36;37;38;39;41;42;43;44;46;47;48;49;51;52;53;54;151;152;153;154;155;156;157;158;159;160;161;162;163;164;165;166;167;168;169;170;171;172;173;174;247;248;249;250;252;253;291;292;293;295;296;297;298;290;335;337;338;339;340;334
142
289;246
291;248
0;0
57
525.0
27;28;29;30;31;151;152;153;154;155;247;290;335;334
143
289;246
290;247
0;0
308
410.0
27;28;29;151;152;153;154;334
144
289;246;336;294;251
154;158;162;166;170
0;35;70;104;104
16
210.0
27;28;29;30;31;32;33;34;35;36;37;38;39;40;41;42;43;44;45;46;47;151;152;153;155;156;157;159;160;161;163;164;165;167;168;169;247;248;249;250;291;292;293;295;290;335;337;338;339;340;334
145
22;27;32;37
290;247;337;295
0;35;69;69
3
625.0
23;24;25;26;28;29;30;31;33;34;35;36;38;39;150;151;152;153;154;155;156;157;158;159;160;161;162;246;248;249;244;245;291;292;293;294;335;336;334
146
24;29
25;30
0;0
80
405.0
27;152;153;154;245
147
23;28;33;38
290;247;337;295
0;35;69;69
3
625.0
24;25;26;27;29;30;31;32;34;35;36;37;39;151;152;153;154;155;156;157;158;159;160;161;162;246;248;249;245;291;292;293;294;335;336;334
148
150;154;158;162
290;247;337;295
0;35;69;69
23
400.0
25;26;27;28;29;30;31;32;33;34;35;36;37;38;39;151;152;153;155;156;157;159;160;161;246;248;249;291;292;293;294;335;336;334
149
30;35;40;45
248;338;296;253
0;35;69;69
27
525.0
31;32;33;34;36;37;38;39;41;42;43;44;46;156;157;158;159;160;161;162;163;164;165;166;167;249;250;251;252;292;293;294;295;336;337;339;340
150
30;35;40
337;295;252
0;34;34
147
410.0
31;32;33;34;36;37;38;39;41;42;43;44;156;157;158;159;160;161;162;163;164;165;166;248;249;250;251;292;293;294;336;338;339
151
30;35;40
336;294;251
0;34;34
300
210.0
31;32;33;34;36;37;38;39;41;156;157;158;159;160;161;162;163;164;248;249;250;292;293;337
152
30;35
34;39
0;0
86
375.0
31;32;33;36;37;38;156;157;158;159;160;292;293;336
153
30;35;40
158;162;166
0;34;34
109
205.0
31;32;33;34;36;37;38;39;41;42;156;157;159;160;161;163;164;165;248;249;250;292;293;294;336;337
154
335;159;293;36
337;295
0;0
29
415.0
32;33;34;37;38;39;156;157;158;160;161;162;248;249;292;294;336
155
153;157;161;165
247;337;295;252
0;35;69;69
6
420.0
30;31;32;33;34;35;36;37;38;39;40;41;42;43;44;154;155;156;158;159;160;162;163;164;166;248;249;250;251;292;293;294;335;336;338;339;334
156
152;156;160;164
247;337;295;252
0;35;69;69
5
420.0
28;29;30;31;32;33;34;35;36;37;38;39;40;41;42;43;44;153;154;155;157;158;159;161;162;163;165;166;246;248;249;250;251;292;293;294;335;336;338;339;334
157
291;248;338;296
35;40;45;50
0;35;69;69
38
555.0
36;37;38;39;41;42;43;44;46;47;48;49;159;160;161;162;163;164;165;166;167;168;169;170;249;250;251;292;293;294;295;337;339;340
158
291;248
292;249
0;0
8
585.0
35;36;37;159;160;161;293
159
291;248
294;251
0;0
76
550.0
35;36;37;38;39;40;41;159;160;161;162;163;164;249;250;292;293;337
160
291;248;338
162;166;170
0;34;34
4
545.0
35;36;37;38;39;40;41;42;43;44;45;46;47;159;160;161;163;164;165;167;168;169;249;250;251;292;293;294;295;337;339;340
161
290;247;337;295
35;40;45;50
0;35;69;69
16
400.0
32;33;34;36;37;38;39;41;42;43;44;46;47;48;49;156;157;158;159;160;161;162;163;164;165;166;167;168;169;170;248;249;250;251;291;292;293;294;296;336;338;339;340
162
290;247;337
336;294;251
0;34;34
53
400.0
32;33;34;35;36;37;38;39;40;41;156;157;158;159;160;161;162;163;164;248;249;250;291;292;293
163
246;336;294;251;341;299
35;40;45;50;55;60
0;35;70;104;104;454
29
195.0
32;33;34;36;37;38;39;41;42;43;44;46;47;48;49;51;52;53;54;56;57;58;59;155;156;157;158;159;160;161;162;163;164;165;166;167;168;169;170;171;172;173;174;175;176;177;178;247;248;249;250;252;253;254;255;292;293;295;296;297;298;337;338;339;340;342;343
164
246;336
248;338
0;0
56
525.0
32;33;34;35;36;155;156;157;158;159;247;292;293;337
165
246;336
247;337
0;0
323
410.0
32;33;34;155;156;157;158;292
166
246;336;294;251;341
158;162;166;170;174
0;35;70;104;104
17
210.0
32;33;34;35;36;37;38;39;40;41;42;43;44;45;46;47;48;49;50;51;52;155;156;157;159;160;161;163;164;165;167;168;169;171;172;173;247;248;249;250;252;292;293;295;296;297;298;337;338;339;340
167
27;32;37;42
247;337;295;252
0;35;69;69
3
625.0
28;29;30;31;33;34;35;36;38;39;40;41;43;44;154;155;156;157;158;159;160;161;162;163;164;165;166;248;249;250;251;292;293;294;335;336;338;339;334
168
29;34
30;35
0;0
92
405.0
32;156;157;158;335
169
28;33;38;43
247;337;295;252
0;35;69;69
2
625.0
29;30;31;32;34;35;36;37;39;40;41;42;44;155;156;157;158;159;160;161;162;163;164;165;166;248;249;250;251;292;293;294;335;336;338;339
170
154;158;162;166
247;337;295;252
0;35;69;69
22
400.0
30;31;32;33;34;35;36;37;38;39;40;41;42;43;44;155;156;157;159;160;161;163;164;165;248;249;250;251;292;293;294;336;338;339
171
35;40;45;50
338;296;253;343
0;35;69;69
24
525.0
36;37;38;39;41;42;43;44;46;47;48;49;51;160;161;162;163;164;165;166;167;168;169;170;171;249;250;251;252;294;295;297;298;339;340;341;342
172
35;40;45
295;252;342
0;34;34
146
410.0
36;37;38;39;41;42;43;44;46;47;48;49;160;161;162;163;164;165;166;167;168;169;170;249;250;251;294;296;297;338;339;340;341
173
35;40;45
294;251;341
0;34;34
299
210.0
36;37;38;39;41;42;43;44;46;160;161;162;163;164;165;166;167;168;249;250;295;338;339;340
174
35;40
39;44
0;0
86
375.0
36;37;38;41;42;43;160;161;162;163;164;249;250;294
175
35;40;45
162;166;170
0;34;34
106
205.0
36;37;38;39;41;42;43;44;46;47;160;161;163;164;165;167;168;169;249;250;251;294;295;338;339;340
176
293;163;250;41
295;252
0;0
31
415.0
37;38;39;42;43;44;160;161;162;164;165;166;249;251;294;338;339
177
157;161;165;169
337;295;252;342
0;35;69;69
6
420.0
35;36;37;38;39;40;41;42;43;44;45;46;47;48;49;158;159;160;162;163;164;166;167;168;170;249;250;251;292;293;294;296;297;338;339;340;341
178
156;160;164;168
337;295;252;342
0;35;69;69
6
420.0
33;34;35;36;37;38;39;40;41;42;43;44;45;46;47;48;49;157;158;159;161;162;163;165;166;167;169;170;249;250;251;292;293;294;296;297;336;338;339;340;341
179
248;338;296;253
40;45;50;55
0;35;69;69
35
555.0
41;42;43;44;46;47;48;49;51;52;53;54;163;164;165;166;167;168;169;170;171;172;173;174;249;250;251;252;295;297;298;339;340;341
180
248;338
249;339
0;0
7
585.0
40;41;42;163;164;165;250
181
248;338
251;341
0;0
76
550.0
40;41;42;43;44;45;46;163;164;165;166;167;168;249;250;295;339;340
182
248;338;296
166;170;174
0;34;34
3
545.0
40;41;42;43;44;45;46;47;48;49;50;51;52;163;164;165;167;168;169;171;172;173;249;250;251;252;295;297;298;339;340;341
183
247;337;295;252
40;45;50;55
0;35;69;69
14
400.0
37;38;39;41;42;43;44;46;47;48;49;51;52;53;54;160;161;162;163;164;165;166;167;168;169;170;171;172;173;174;248;249;250;251;253;294;296;297;298;338;339;340;341
184
247;337;295
294;251;341
0;34;34
53
400.0
37;38;39;40;41;42;43;44;45;46;160;161;162;163;164;165;166;167;168;248;249;250;338;339;340
185
336;294;251;341;299;256
40;45;50;55;60;65
0;35;70;104;104;454
33
195.0
37;38;39;41;42;43;44;46;47;48;49;51;52;53;54;56;57;58;59;61;62;63;64;159;160;161;162;163;164;165;166;167;168;169;170;171;172;173;174;175;176;177;178;179;180;181;182;249;250;252;253;254;255;295;296;297;298;300;301;337;338;339;340;342;343;344;345
186
336;294
338;296
0;0
60
525.0
37;38;39;40;41;159;160;161;162;163;249;250;295;337
187
336;294
337;295
0;0
327
410.0
37;38;39;159;160;161;162;249
188
336;294;251;341;299
162;166;170;174;178
0;35;70;104;104
19
210.0
37;38;39;40;41;42;43;44;45;46;47;48;49;50;51;52;53;54;55;56;57;159;160;161;163;164;165;167;168;169;171;172;173;175;176;177;249;250;252;253;254;255;295;296;297;298;337;338;339;340;342
189
32;37;42;47
337;295;252;342
0;35;69;69
3
625.0
33;34;35;36;38;39;40;41;43;44;45;46;48;49;158;159;160;161;162;163;164;165;166;167;168;169;170;249;250;251;292;293;294;296;297;338;339;340;341
190
34;39
35;40
0;0
84
405.0
37;160;161;162;293
191
33;38;43;48
337;295;252;342
0;35;69;69
2
625.0
34;35;36;37;39;40;41;42;44;45;46;47;49;159;160;161;162;163;164;165;166;167;168;169;170;249;250;251;293;294;296;297;338;339;340;341
192
158;162;166;170
337;295;252;342
0;35;69;69
24
400.0
35;36;37;38;39;40;41;42;43;44;45;46;47;48;49;159;160;161;163;164;165;167;168;169;249;250;251;294;296;297;338;339;340;341
193
40;45;50;55
296;253;343;301
0;35;69;69
28
525.0
41;42;43;44;46;47;48;49;51;52;53;54;56;164;165;166;167;168;169;170;171;172;173;174;175;251;252;254;255;297;298;299;300;339;340;341;342
194
40;45;50
252;342;300
0;34;34
145
410.0
41;42;43;44;46;47;48;49;51;52;53;54;164;165;166;167;168;169;170;171;172;173;174;251;253;254;296;297;298;299;339;340;341
195
40;45;50
251;341;299
0;34;34
303
210.0
41;42;43;44;46;47;48;49;51;164;165;166;167;168;169;170;171;172;252;296;297;298;339;340
196
40;45
44;49
0;0
81
375.0
41;42;43;46;47;48;164;165;166;167;168;251;339;340
197
40;45;50
166;170;174
0;34;34
99
205.0
41;42;43;44;46;47;48;49;51;52;164;165;167;168;169;171;172;173;251;252;296;297;298;339;340;341
198
250;167;340;46
252;342
0;0
30
415.0
42;43;44;47;48;49;164;165;166;168;169;170;251;296;297;339;341
199
161;165;169;173
295;252;342;300
0;35;69;69
6
420.0
40;41;42;43;44;45;46;47;48;49;50;51;52;53;54;162;163;164;166;167;168;170;171;172;174;249;250;251;253;254;296;297;298;299;339;340;341
200
160;164;168;172
295;252;342;300
0;35;69;69
6
420.0
38;39;40;41;42;43;44;45;46;47;48;49;50;51;52;53;54;161;162;163;165;166;167;169;170;171;173;174;249;250;251;253;254;294;296;297;298;299;339;340;341
201
338;296;253;343
45;50;55;60
0;35;69;69
38
555.0
46;47;48;49;51;52;53;54;56;57;58;59;167;168;169;170;171;172;173;174;175;176;177;178;252;254;255;297;298;299;339;340;341;342
202
338;296
339;297
0;0
7
585.0
45;46;47;167;168;169;340
203
338;296
341;299
0;0
68
550.0
45;46;47;48;49;50;51;167;168;169;170;171;172;252;297;298;339;340
204
338;296;253
170;174;178
0;34;34
4
545.0
45;46;47;48;49;50;51;52;53;54;55;56;57;167;168;169;171;172;173;175;176;177;252;254;255;297;298;299;339;340;341;342
205
337;295;252;342
45;50;55;60
0;35;69;69
14
400.0
42;43;44;46;47;48;49;51;52;53;54;56;57;58;59;164;165;166;167;168;169;170;171;172;173;174;175;176;177;178;251;253;254;255;296;297;298;299;338;339;340;341;343
206
337;295;252
251;341;299
0;34;34
52
400.0
42;43;44;45;46;47;48;49;50;51;164;165;166;167;168;169;170;171;172;296;297;298;338;339;340
207
294;251;341;299;256;346
45;50;55;60;65;70
0;35;70;104;104;454
28
195.0
42;43;44;46;47;48;49;51;52;53;54;56;57;58;59;61;62;63;64;66;67;68;69;163;164;165;166;167;168;169;170;171;172;173;174;175;176;177;178;179;180;181;182;183;184;185;186;252;253;254;255;257;258;295;296;297;298;300;301;302;303;339;340;342;343;344;345
208
294;251
296;253
0;0
52
525.0
42;43;44;45;46;163;164;165;166;167;252;295;339;340
209
294;251
295;252
0;0
332
410.0
42;43;44;163;164;165;166;339
210
294;251;341;299;256
166;170;174;178;182
0;35;70;104;104
18
210.0
42;43;44;45;46;47;48;49;50;51;52;53;54;55;56;57;58;59;60;61;62;163;164;165;167;168;169;171;172;173;175;176;177;179;180;181;252;253;254;255;295;296;297;298;300;339;340;342;343;344;345
211
37;42;47;52
295;252;342;300
0;35;69;69
4
625.0
38;39;40;41;43;44;45;46;48;49;50;51;53;54;162;163;164;165;166;167;168;169;170;171;172;173;174;249;250;251;253;254;296;297;298;299;339;340;341
212
39;44
40;45
0;0
82
405.0
42;164;165;166;250
213
38;43;48;53
295;252;342;300
0;35;69;69
2
625.0
39;40;41;42;44;45;46;47;49;50;51;52;54;163;164;165;166;167;168;169;170;171;172;173;174;250;251;253;254;296;297;298;299;339;340;341
214
162;166;170;174
295;252;342;300
0;35;69;69
25
400.0
40;41;42;43;44;45;46;47;48;49;50;51;52;53;54;163;164;165;167;168;169;171;172;173;251;253;254;296;297;298;299;339;340;341
215
45;50;55;60
253;343;301;258
0;35;69;69
26
525.0
46;47;48;49;51;52;53;54;56;57;58;59;61;168;169;170;171;172;173;174;175;176;177;178;179;254;255;256;257;297;298;299;300;341;342;344;345
216
45;50;55
342;300;257
0;34;34
149
410.0
46;47;48;49;51;52;53;54;56;57;58;59;168;169;170;171;172;173;174;175;176;177;178;253;254;255;256;297;298;299;341;343;344
217
45;50;55
341;299;256
0;34;34
293
210.0
46;47;48;49;51;52;53;54;56;168;169;170;171;172;173;174;175;176;253;254;255;297;298;342
218
45;50
49;54
0;0
86
375.0
46;47;48;51;52;53;168;169;170;171;172;297;298;341
219
45;50;55
170;174;178
0;34;34
107
205.0
46;47;48;49;51;52;53;54;56;57;168;169;171;172;173;175;176;177;253;254;255;297;298;299;341;342
220
340;171;298;51
342;300
0;0
28
415.0
47;48;49;52;53;54;168;169;170;172;173;174;253;254;297;299;341
221
165;169;173;177
252;342;300;257
0;35;69;69
6
420.0
45;46;47;48;49;50;51;52;53;54;55;56;57;58;59;166;167;168;170;171;172;174;175;176;178;253;254;255;256;297;298;299;339;340;341;343;344
222
164;168;172;176
252;342;300;257
0;35;69;69
5
420.0
43;44;45;46;47;48;49;50;51;52;53;54;55;56;57;58;59;165;166;167;169;170;171;173;174;175;177;178;251;253;254;255;256;297;298;299;339;340;341;343;344
223
296;253;343;301
50;55;60;65
0;35;69;69
39
555.0
51;52;53;54;56;57;58;59;61;62;63;64;171;172;173;174;175;176;177;178;179;180;181;182;254;255;256;297;298;299;300;342;344;345
224
296;253
297;254
0;0
7
585.0
50;51;52;171;172;173;298
225
296;253
299;256
0;0
77
550.0
50;51;52;53;54;55;56;171;172;173;174;175;176;254;255;297;298;342
226
296;253;343
174;178;182
0;34;34
3
545.0
50;51;52;53;54;55;56;57;58;59;60;61;62;171;172;173;175;176;177;179;180;181;254;255;256;297;298;299;300;342;344;345
227
295;252;342;300
50;55;60;65
0;35;69;69
14
400.0
47;48;49;51;52;53;54;56;57;58;59;61;62;63;64;168;169;170;171;172;173;174;175;176;177;178;179;180;181;182;253;254;255;256;296;297;298;299;301;341;343;344;345
228
295;252;342
341;299;256
0;34;34
48
400.0
47;48;49;50;51;52;53;54;55;56;168;169;170;171;172;173;174;175;176;253;254;255;296;297;298
229
251;341;299;256;346;304
50;55;60;65;70;75
0;35;70;104;104;454
28
195.0
47;48;49;51;52;53;54;56;57;58;59;61;62;63;64;66;67;68;69;71;72;73;74;167;168;169;170;171;172;173;174;175;176;177;178;179;180;181;182;183;184;185;186;187;188;189;190;252;253;254;255;257;258;259;260;297;298;300;301;302;303;342;343;344;345;347;348
230
251;341
253;343
0;0
57
525.0
47;48;49;50;51;167;168;169;170;171;252;297;298;342
231
251;341
252;342
0;0
315
410.0
47;48;49;167;168;169;170;297
232
251;341;299;256;346
170;174;178;182;186
0;35;70;104;104
17
210.0
47;48;49;50;51;52;53;54;55;56;57;58;59;60;61;62;63;64;65;66;67;167;168;169;171;172;173;175;176;177;179;180;181;183;184;185;252;253;254;255;257;297;298;300;301;302;303;342;343;344;345
233
42;47;52;57
252;342;300;257
0;35;69;69
4
625.0
43;44;45;46;48;49;50;51;53;54;55;56;58;59;166;167;168;169;170;171;172;173;174;175;176;177;178;253;254;255;256;297;298;299;339;340;341;343;344
234
44;49
45;50
0;0
78
405.0
47;168;169;170;340
235
43;48;53;58
252;342;300;257
0;35;69;69
2
625.0
44;45;46;47;49;50;51;52;54;55;56;57;59;167;168;169;170;171;172;173;174;175;176;177;178;253;254;255;256;297;298;299;340;341;343;344
236
166;170;174;178
252;342;300;257
0;35;69;69
26
400.0
45;46;47;48;49;50;51;52;53;54;55;56;57;58;59;167;168;169;171;172;173;175;176;177;253;254;255;256;297;298;299;341;343;344
237
50;55;60;65
343;301;258;348
0;35;69;69
24
525.0
51;52;53;54;56;57;58;59;61;62;63;64;66;172;173;174;175;176;177;178;179;180;181;182;183;254;255;256;257;299;300;302;303;344;345;346;347
238
50;55;60
300;257;347
0;34;34
147
410.0
51;52;53;54;56;57;58;59;61;62;63;64;172;173;174;175;176;177;178;179;180;181;182;254;255;256;299;301;302;343;344;345;346
239
50;55;60
299;256;346
0;34;34
286
210.0
51;52;53;54;56;57;58;59;61;172;173;174;175;176;177;178;179;180;254;255;300;343;344;345
240
50;55
54;59
0;0
83
375.0
51;52;53;56;57;58;172;173;174;175;176;254;255;299
241
50;55;60
174;178;182
0;34;34
103
205.0
51;52;53;54;56;57;58;59;61;62;172;173;175;176;177;179;180;181;254;255;256;299;300;343;344;345
242
298;175;255;56
300;257
0;0
27
415.0
52;53;54;57;58;59;172;173;174;176;177;178;254;256;299;343;344
243
169;173;177;181
342;300;257;347
0;35;69;69
6
420.0
50;51;52;53;54;55;56;57;58;59;60;61;62;63;64;170;171;172;174;175;176;178;179;180;182;254;255;256;297;298;299;301;302;343;344;345;346
244
168;172;176;180
342;300;257;347
0;35;69;69
5
420.0
48;49;50;51;52;53;54;55;56;57;58;59;60;61;62;63;64;169;170;171;173;174;175;177;178;179;181;182;254;255;256;297;298;299;301;302;341;343;344;345;346
245
253;343;301;258
55;60;65;70
0;35;69;69
37
555.0
56;57;58;59;61;62;63;64;66;67;68;69;175;176;177;178;179;180;181;182;183;184;185;186;254;255;256;257;300;302;303;344;345;346
246
253;343
254;344
0;0
6
585.0
55;56;57;175;176;177;255
247
253;343
256;346
0;0
69
550.0
55;56;57;58;59;60;61;175;176;177;178;179;180;254;255;300;344;345
248
253;343;301
178;182;186
0;34;34
3
545.0
55;56;57;58;59;60;61;62;63;64;65;66;67;175;176;177;179;180;181;183;184;185;254;255;256;257;300;302;303;344;345;346
249
252;342;300;257
55;60;65;70
0;35;69;69
13
400.0
52;53;54;56;57;58;59;61;62;63;64;66;67;68;69;172;173;174;175;176;177;178;179;180;181;182;183;184;185;186;253;254;255;256;258;299;301;302;303;343;344;345;346
250
252;342;300
299;256;346
0;34;34
52
400.0
52;53;54;55;56;57;58;59;60;61;172;173;174;175;176;177;178;179;180;253;254;255;343;344;345
251
341;299;256;346;304;261
55;60;65;70;75;80
0;35;70;104;104;454
30
195.0
52;53;54;56;57;58;59;61;62;63;64;66;67;68;69;71;72;73;74;76;77;78;79;171;172;173;174;175;176;177;178;179;180;181;182;183;184;185;186;187;188;189;190;191;192;193;194;254;255;257;258;259;260;300;301;302;303;305;306;342;343;344;345;347;348;349;350
252
341;299
343;301
0;0
57
525.0
52;53;54;55;56;171;172;173;174;175;254;255;300;342
253
341;299
342;300
0;0
313
410.0
52;53;54;171;172;173;174;254
254
341;299;256;346;304
174;178;182;186;190
0;35;70;104;104
16
210.0
52;53;54;55;56;57;58;59;60;61;62;63;64;65;66;67;68;69;70;71;72;171;172;173;175;176;177;179;180;181;183;184;185;187;188;189;254;255;257;258;259;260;300;301;302;303;342;343;344;345;347
255
47;52;57;62
342;300;257;347
0;35;69;69
3
625.0
48;49;50;51;53;54;55;56;58;59;60;61;63;64;170;171;172;173;174;175;176;177;178;179;180;181;182;254;255;256;297;298;299;301;302;343;344;345;346
256
49;54
50;55
0;0
85
405.0
52;172;173;174;298
257
48;53;58;63
342;300;257;347
0;35;69;69
2
625.0
49;50;51;52;54;55;56;57;59;60;61;62;64;171;172;173;174;175;176;177;178;179;180;181;182;254;255;256;298;299;301;302;343;344;345;346
258
170;174;178;182
342;300;257;347
0;35;69;69
23
400.0
50;51;52;53;54;55;56;57;58;59;60;61;62;63;64;171;172;173;175;176;177;179;180;181;254;255;256;299;301;302;343;344;345;346
259
55;60;65;70
301;258;348;306
0;35;69;69
28
525.0
56;57;58;59;61;62;63;64;66;67;68;69;71;176;177;178;179;180;181;182;183;184;185;186;187;256;257;259;260;302;303;304;305;344;345;346;347
260
55;60;65
257;347;305
0;34;34
139
410.0
56;57;58;59;61;62;63;64;66;67;68;69;176;177;178;179;180;181;182;183;184;185;186;256;258;259;301;302;303;304;344;345;346
261
55;60;65
256;346;304
0;34;34
303
210.0
56;57;58;59;61;62;63;64;66;176;177;178;179;180;181;182;183;184;257;301;302;303;344;345
262
55;60
59;64
0;0
77
375.0
56;57;58;61;62;63;176;177;178;179;180;256;344;345
263
55;60;65
178;182;186
0;34;34
103
205.0
56;57;58;59;61;62;63;64;66;67;176;177;179;180;181;183;184;185;256;257;301;302;303;344;345;346
264
255;179;345;61
257;347
0;0
28
415.0
57;58;59;62;63;64;176;177;178;180;181;182;256;301;302;344;346
265
173;177;181;185
300;257;347;305
0;35;69;69
6
420.0
55;56;57;58;59;60;61;62;63;64;65;66;67;68;69;174;175;176;178;179;180;182;183;184;186;254;255;256;258;259;301;302;303;304;344;345;346
266
172;176;180;184
300;257;347;305
0;35;69;69
6
420.0
53;54;55;56;57;58;59;60;61;62;63;64;65;66;67;68;69;173;174;175;177;178;179;181;182;183;185;186;254;255;256;258;259;299;301;302;303;304;344;345;346
267
343;301;258;348
60;65;70;75
0;35;69;69
35
555.0
61;62;63;64;66;67;68;69;71;72;73;74;179;180;181;182;183;184;185;186;187;188;189;190;257;259;260;302;303;304;344;345;346;347
268
343;301
344;302
0;0
6
585.0
60;61;62;179;180;181;345
269
343;301
346;304
0;0
75
550.0
60;61;62;63;64;65;66;179;180;181;182;183;184;257;302;303;344;345
270
343;301;258
182;186;190
0;34;34
3
545.0
60;61;62;63;64;65;66;67;68;69;70;71;72;179;180;181;183;184;185;187;188;189;257;259;260;302;303;304;344;345;346;347
271
342;300;257;347
60;65;70;75
0;35;69;69
15
400.0
57;58;59;61;62;63;64;66;67;68;69;71;72;73;74;176;177;178;179;180;181;182;183;184;185;186;187;188;189;190;256;258;259;260;301;302;303;304;343;344;345;346;348
272
342;300;257
256;346;304
0;34;34
47
400.0
57;58;59;60;61;62;63;64;65;66;176;177;178;179;180;181;182;183;184;301;302;303;343;344;345
273
299;256;346;304;261;351
60;65;70;75;80;85
0;35;70;104;104;454
30
195.0
57;58;59;61;62;63;64;66;67;68;69;71;72;73;74;76;77;78;79;81;82;83;84;175;176;177;178;179;180;181;182;183;184;185;186;187;188;189;190;191;192;193;194;195;196;197;198;257;258;259;260;262;263;300;301;302;303;305;306;307;308;344;345;347;348;349;350
274
299;256
301;258
0;0
58
525.0
57;58;59;60;61;175;176;177;178;179;257;300;344;345
275
299;256
300;257
0;0
319
410.0
57;58;59;175;176;177;178;344
276
299;256;346;304;261
178;182;186;190;194
0;35;70;104;104
18
210.0
57;58;59;60;61;62;63;64;65;66;67;68;69;70;71;72;73;74;75;76;77;175;176;177;179;180;181;183;184;185;187;188;189;191;192;193;257;258;259;260;300;301;302;303;305;344;345;347;348;349;350
277
52;57;62;67
300;257;347;305
0;35;69;69
2
625.0
53;54;55;56;58;59;60;61;63;64;65;66;68;69;174;175;176;177;178;179;180;181;182;183;184;185;186;254;255;256;258;259;301;302;303;304;344;345;346
278
54;59
55;60
0;0
82
405.0
57;176;177;178;255
279
53;58;63;68
300;257;347;305
0;35;69;69
2
625.0
54;55;56;57;59;60;61;62;64;65;66;67;69;175;176;177;178;179;180;181;182;183;184;185;186;255;256;258;259;301;302;303;304;344;345;346
280
174;178;182;186
300;257;347;305
0;35;69;69
25
400.0
55;56;57;58;59;60;61;62;63;64;65;66;67;68;69;175;176;177;179;180;181;183;184;185;256;258;259;301;302;303;304;344;345;346
281
60;65;70;75
258;348;306;263
0;35;69;69
27
525.0
61;62;63;64;66;67;68;69;71;72;73;74;76;180;181;182;183;184;185;186;187;188;189;190;191;259;260;261;262;302;303;304;305;346;347;349;350
282
60;65;70
347;305;262
0;34;34
146
410.0
61;62;63;64;66;67;68;69;71;72;73;74;180;181;182;183;184;185;186;187;188;189;190;258;259;260;261;302;303;304;346;348;349
283
60;65;70
346;304;261
0;34;34
306
210.0
61;62;63;64;66;67;68;69;71;180;181;182;183;184;185;186;187;188;258;259;260;302;303;347
284
60;65
64;69
0;0
84
375.0
61;62;63;66;67;68;180;181;182;183;184;302;303;346
285
60;65;70
182;186;190
0;34;34
99
205.0
61;62;63;64;66;67;68;69;71;72;180;181;183;184;185;187;188;189;258;259;260;302;303;304;346;347
286
345;183;303;66
347;305
0;0
28
415.0
62;63;64;67;68;69;180;181;182;184;185;186;258;259;302;304;346
287
177;181;185;189
257;347;305;262
0;35;69;69
5
420.0
60;61;62;63;64;65;66;67;68;69;70;71;72;73;74;178;179;180;182;183;184;186;187;188;190;258;259;260;261;302;303;304;344;345;346;348;349
288
176;180;184;188
257;347;305;262
0;35;69;69
6
420.0
58;59;60;61;62;63;64;65;66;67;68;69;70;71;72;73;74;177;178;179;181;182;183;185;186;187;189;190;256;258;259;260;261;302;303;304;344;345;346;348;349
289
301;258;348;306
65;70;75;80
0;35;69;69
33
555.0
66;67;68;69;71;72;73;74;76;77;78;79;183;184;185;186;187;188;189;190;191;192;193;194;259;260;261;302;303;304;305;347;349;350
290
301;258
302;259
0;0
7
585.0
65;66;67;183;184;185;303
291
301;258
304;261
0;0
78
550.0
65;66;67;68;69;70;71;183;184;185;186;187;188;259;260;302;303;347
292
301;258;348
186;190;194
0;34;34
2
545.0
65;66;67;68;69;70;71;72;73;74;75;76;77;183;184;185;187;188;189;191;192;193;259;260;261;302;303;304;305;347;349;350
293
300;257;347;305
65;70;75;80
0;35;69;69
14
400.0
62;63;64;66;67;68;69;71;72;73;74;76;77;78;79;180;181;182;183;184;185;186;187;188;189;190;191;192;193;194;258;259;260;261;301;302;303;304;306;346;348;349;350
294
300;257;347
346;304;261
0;34;34
48
400.0
62;63;64;65;66;67;68;69;70;71;180;181;182;183;184;185;186;187;188;258;259;260;301;302;303
295
256;346;304;261;351;309
65;70;75;80;85;90
0;35;70;104;104;454
32
195.0
62;63;64;66;67;68;69;71;72;73;74;76;77;78;79;81;82;83;84;86;87;88;89;179;180;181;182;183;184;185;186;187;188;189;190;191;192;193;194;195;196;197;198;199;200;201;202;257;258;259;260;262;263;264;265;302;303;305;306;307;308;347;348;349;350;352;353
296
256;346
258;348
0;0
56
525.0
62;63;64;65;66;179;180;181;182;183;257;302;303;347
297
256;346
257;347
0;0
322
410.0
62;63;64;179;180;181;182;302
298
256;346;304;261;351
182;186;190;194;198
0;35;70;104;104
16
210.0
62;63;64;65;66;67;68;69;70;71;72;73;74;75;76;77;78;79;80;81;82;179;180;181;183;184;185;187;188;189;191;192;193;195;196;197;257;258;259;260;262;302;303;305;306;307;308;347;348;349;350
299
57;62;67;72
257;347;305;262
0;35;69;69
3
625.0
58;59;60;61;63;64;65;66;68;69;70;71;73;74;178;179;180;181;182;183;184;185;186;187;188;189;190;258;259;260;261;302;303;304;344;345;346;348;349
300
59;64
60;65
0;0
76
405.0
62;180;181;182;345
301
58;63;68;73
257;347;305;262
0;35;69;69
2
625.0
59;60;61;62;64;65;66;67;69;70;71;72;74;179;180;181;182;183;184;185;186;187;188;189;190;258;259;260;261;302;303;304;345;346;348;349
302
178;182;186;190
257;347;305;262
0;35;69;69
25
400.0
60;61;62;63;64;65;66;67;68;69;70;71;72;73;74;179;180;181;183;184;185;187;188;189;258;259;260;261;302;303;304;346;348;349
303
65;70;75;80
348;306;263;353
0;35;69;69
27
525.0
66;67;68;69;71;72;73;74;76;77;78;79;81;184;185;186;187;188;189;190;191;192;193;194;195;259;260;261;262;304;305;307;308;349;350;351;352
304
65;70;75
305;262;352
0;34;34
153
410.0
66;67;68;69;71;72;73;74;76;77;78;79;184;185;186;187;188;189;190;191;192;193;194;259;260;261;304;306;307;348;349;350;351
305
65;70;75
304;261;351
0;34;34
296
210.0
66;67;68;69;71;72;73;74;76;184;185;186;187;188;189;190;191;192;259;260;305;348;349;350
306
65;70
69;74
0;0
76
375.0
66;67;68;71;72;73;184;185;186;187;188;259;260;304
307
65;70;75
186;190;194
0;34;34
107
205.0
66;67;68;69;71;72;73;74;76;77;184;185;187;188;189;191;192;193;259;260;261;304;305;348;349;350
308
303;187;260;71
305;262
0;0
29
415.0
67;68;69;72;73;74;184;185;186;188;189;190;259;261;304;348;349
309
181;185;189;193
347;305;262;352
0;35;69;69
6
420.0
65;66;67;68;69;70;71;72;73;74;75;76;77;78;79;182;183;184;186;187;188;190;191;192;194;259;260;261;302;303;304;306;307;348;349;350;351
310
180;184;188;192
347;305;262;352
0;35;69;69
6
420.0
63;64;65;66;67;68;69;70;71;72;73;74;75;76;77;78;79;181;182;183;185;186;187;189;190;191;193;194;259;260;261;302;303;304;306;307;346;348;349;350;351
311
258;348;306;263
70;75;80;85
0;35;69;69
32
555.0
71;72;73;74;76;77;78;79;81;82;83;84;187;188;189;190;191;192;193;194;195;196;197;198;259;260;261;262;305;307;308;349;350;351
312
258;348
259;349
0;0
6
585.0
70;71;72;187;188;189;260
313
258;348
261;351
0;0
70
550.0
70;71;72;73;74;75;76;187;188;189;190;191;192;259;260;305;349;350
314
258;348;306
190;194;198
0;34;34
3
545.0
70;71;72;73;74;75;76;77;78;79;80;81;82;187;188;189;191;192;193;195;196;197;259;260;261;262;305;307;308;349;350;351
315
257;347;305;262
70;75;80;85
0;35;69;69
13
400.0
67;68;69;71;72;73;74;76;77;78;79;81;82;83;84;184;185;186;187;188;189;190;191;192;193;194;195;196;197;198;258;259;260;261;263;304;306;307;308;348;349;350;351
316
257;347;305
304;261;351
0;34;34
50
400.0
67;68;69;70;71;72;73;74;75;76;184;185;186;187;188;189;190;191;192;258;259;260;348;349;350
317
346;304;261;351;309;266
70;75;80;85;90;95
0;35;70;104;104;454
29
195.0
67;68;69;71;72;73;74;76;77;78;79;81;82;83;84;86;87;88;89;91;92;93;94;183;184;185;186;187;188;189;190;191;192;193;194;195;196;197;198;199;200;201;202;203;204;205;206;259;260;262;263;264;265;305;306;307;308;310;311;347;348;349;350;352;353;354;355
318
346;304
348;306
0;0
53
525.0
67;68;69;70;71;183;184;185;186;187;259;260;305;347
319
346;304
347;305
0;0
307
410.0
67;68;69;183;184;185;186;259
320
346;304;261;351;309
186;190;194;198;202
0;35;70;104;104
15
210.0
67;68;69;70;71;72;73;74;75;76;77;78;79;80;81;82;83;84;85;86;87;183;184;185;187;188;189;191;192;193;195;196;197;199;200;201;259;260;262;263;264;265;305;306;307;308;347;348;349;350;352
321
62;67;72;77
347;305;262;352
0;35;69;69
2
625.0
63;64;65;66;68;69;70;71;73;74;75;76;78;79;182;183;184;185;186;187;188;189;190;191;192;193;194;259;260;261;302;303;304;306;307;348;349;350;351
322
64;69
65;70
0;0
82
405.0
67;184;185;186;303
323
63;68;73;78
347;305;262;352
0;35;69;69
1
625.0
64;65;66;67;69;70;71;72;74;75;76;77;79;183;184;185;186;187;188;189;190;191;192;193;194;259;260;261;303;304;306;307;348;349;350;351
324
182;186;190;194
347;305;262;352
0;35;69;69
22
400.0
65;66;67;68;69;70;71;72;73;74;75;76;77;78;79;183;184;185;187;188;189;191;192;193;259;260;261;304;306;307;348;349;350;351
325
70;75;80;85
306;263;353;311
0;35;69;69
29
525.0
71;72;73;74;76;77;78;79;81;82;83;84;86;188;189;190;191;192;193;194;195;196;197;198;199;261;262;264;265;307;308;309;310;349;350;351;352
326
70;75;80
262;352;310
0;34;34
140
410.0
71;72;73;74;76;77;78;79;81;82;83;84;188;189;190;191;192;193;194;195;196;197;198;261;263;264;306;307;308;309;349;350;351
327
70;75;80
261;351;309
0;34;34
295
210.0
71;72;73;74;76;77;78;79;81;188;189;190;191;192;193;194;195;196;262;306;307;308;349;350
328
70;75
74;79
0;0
77
375.0
71;72;73;76;77;78;188;189;190;191;192;261;349;350
329
70;75;80
190;194;198
0;34;34
103
205.0
71;72;73;74;76;77;78;79;81;82;188;189;191;192;193;195;196;197;261;262;306;307;308;349;350;351
330
260;191;350;76
262;352
0;0
29
415.0
72;73;74;77;78;79;188;189;190;192;193;194;261;306;307;349;351
331
185;189;193;197
305;262;352;310
0;35;69;69
6
420.0
70;71;72;73;74;75;76;77;78;79;80;81;82;83;84;186;187;188;190;191;192;194;195;196;198;259;260;261;263;264;306;307;308;309;349;350;351
332
184;188;192;196
305;262;352;310
0;35;69;69
5
420.0
68;69;70;71;72;73;74;75;76;77;78;79;80;81;82;83;84;185;186;187;189;190;191;193;194;195;197;198;259;260;261;263;264;304;306;307;308;309;349;350;351
333
348;306;263;353
75;80;85;90
0;35;69;69
31
555.0
76;77;78;79;81;82;83;84;86;87;88;89;191;192;193;194;195;196;197;198;199;200;201;202;262;264;265;307;308;309;349;350;351;352
334
348;306
349;307
0;0
7
585.0
75;76;77;191;192;193;350
335
348;306
351;309
0;0
71
550.0
75;76;77;78;79;80;81;191;192;193;194;195;196;262;307;308;349;350
336
348;306;263
194;198;202
0;34;34
3
545.0
75;76;77;78;79;80;81;82;83;84;85;86;87;191;192;193;195;196;197;199;200;201;262;264;265;307;308;309;349;350;351;352
337
347;305;262;352
75;80;85;90
0;35;69;69
14
400.0
72;73;74;76;77;78;79;81;82;83;84;86;87;88;89;188;189;190;191;192;193;194;195;196;197;198;199;200;201;202;261;263;264;265;306;307;308;309;348;349;350;351;353
338
347;305;262
261;351;309
0;34;34
49
400.0
72;73;74;75;76;77;78;79;80;81;188;189;190;191;192;193;194;195;196;306;307;308;348;349;350
339
304;261;351;309;266;356
75;80;85;90;95;100
0;35;70;104;104;454
33
195.0
72;73;74;76;77;78;79;81;82;83;84;86;87;88;89;91;92;93;94;96;97;98;99;187;188;189;190;191;192;193;194;195;196;197;198;199;200;201;202;203;204;205;206;207;208;209;210;262;263;264;265;267;268;305;306;307;308;310;311;312;313;349;350;352;353;354;355
340
304;261
306;263
0;0
52
525.0
72;73;74;75;76;187;188;189;190;191;262;305;349;350
341
304;261
305;262
0;0
303
410.0
72;73;74;187;188;189;190;349
342
304;261;351;309;266
190;194;198;202;206
0;35;70;104;104
18
210.0
72;73;74;75;76;77;78;79;80;81;82;83;84;85;86;87;88;89;90;91;92;187;188;189;191;192;193;195;196;197;199;200;201;203;204;205;262;263;264;265;305;306;307;308;310;349;350;352;353;354;355
343
67;72;77;82
305;262;352;310
0;35;69;69
3
625.0
68;69;70;71;73;74;75;76;78;79;80;81;83;84;186;187;188;189;190;191;192;193;194;195;196;197;198;259;260;261;263;264;306;307;308;309;349;350;351
344
69;74
70;75
0;0
82
405.0
72;188;189;190;260
345
68;73;78;83
305;262;352;310
0;35;69;69
1
625.0
69;70;71;72;74;75;76;77;79;80;81;82;84;187;188;189;190;191;192;193;194;195;196;197;198;260;261;263;264;306;307;308;309;349;350;351
346
186;190;194;198
305;262;352;310
0;35;69;69
25
400.0
70;71;72;73;74;75;76;77;78;79;80;81;82;83;84;187;188;189;191;192;193;195;196;197;261;263;264;306;307;308;309;349;350;351
347
75;80;85;90
263;353;311;268
0;35;69;69
27
525.0
76;77;78;79;81;82;83;84;86;87;88;89;91;192;193;194;195;196;197;198;199;200;201;202;203;264;265;266;267;307;308;309;310;351;352;354;355
348
75;80;85
352;310;267
0;34;34
140
410.0
76;77;78;79;81;82;83;84;86;87;88;89;192;193;194;195;196;197;198;199;200;201;202;263;264;265;266;307;308;309;351;353;354
349
75;80;85
351;309;266
0;34;34
298
210.0
76;77;78;79;81;82;83;84;86;192;193;194;195;196;197;198;199;200;263;264;265;307;308;352
350
75;80
79;84
0;0
73
375.0
76;77;78;81;82;83;192;193;194;195;196;307;308;351
351
75;80;85
194;198;202
0;34;34
101
205.0
76;77;78;79;81;82;83;84;86;87;192;193;195;196;197;199;200;201;263;264;265;307;308;309;351;352
352
350;195;308;81
352;310
0;0
27
415.0
77;78;79;82;83;84;192;193;194;196;197;198;263;264;307;309;351
353
189;193;197;201
262;352;310;267
0;35;69;69
6
420.0
75;76;77;78;79;80;81;82;83;84;85;86;87;88;89;190;191;192;194;195;196;198;199;200;202;263;264;265;266;307;308;309;349;350;351;353;354
354
188;192;196;200
262;352;310;267
0;35;69;69
4
420.0
73;74;75;76;77;78;79;80;81;82;83;84;85;86;87;88;89;189;190;191;193;194;195;197;198;199;201;202;261;263;264;265;266;307;308;309;349;350;351;353;354
355
306;263;353;311
80;85;90;95
0;35;69;69
30
555.0
81;82;83;84;86;87;88;89;91;92;93;94;195;196;197;198;199;200;201;202;203;204;205;206;264;265;266;307;308;309;310;352;354;355
356
306;263
307;264
0;0
7
585.0
80;81;82;195;196;197;308
357
306;263
309;266
0;0
77
550.0
80;81;82;83;84;85;86;195;196;197;198;199;200;264;265;307;308;352
358
306;263;353
198;202;206
0;34;34
3
545.0
80;81;82;83;84;85;86;87;88;89;90;91;92;195;196;197;199;200;201;203;204;205;264;265;266;307;308;309;310;352;354;355
359
305;262;352;310
80;85;90;95
0;35;69;69
12
400.0
77;78;79;81;82;83;84;86;87;88;89;91;92;93;94;192;193;194;195;196;197;198;199;200;201;202;203;204;205;206;263;264;265;266;306;307;308;309;311;351;353;354;355
360
305;262;352
351;309;266
0;34;34
46
400.0
77;78;79;80;81;82;83;84;85;86;192;193;194;195;196;197;198;199;200;263;264;265;306;307;308
361
261;351;309;266;356;314
80;85;90;95;100;105
0;35;70;104;104;454
30
195.0
101;102;103;104;77;78;79;81;82;83;84;86;87;88;89;91;92;93;94;96;97;98;99;191;192;193;194;195;196;197;198;199;200;201;202;203;204;205;206;207;208;209;210;211;212;213;214;262;263;264;265;267;268;269;270;307;308;310;311;312;313;352;353;354;355;357;358
362
261;351
263;353
0;0
54
525.0
77;78;79;80;81;191;192;193;194;195;262;307;308;352
363
261;351
262;352
0;0
318
410.0
77;78;79;191;192;193;194;307
364
261;351;309;266;356
194;198;202;206;210
0;35;70;104;104
16
210.0
77;78;79;80;81;82;83;84;85;86;87;88;89;90;91;92;93;94;95;96;97;191;192;193;195;196;197;199;200;201;203;204;205;207;208;209;262;263;264;265;267;307;308;310;311;312;313;352;353;354;355
365
72;77;82;87
262;352;310;267
0;35;69;69
3
625.0
73;74;75;76;78;79;80;81;83;84;85;86;88;89;190;191;192;193;194;195;196;197;198;199;200;201;202;263;264;265;266;307;308;309;349;350;351;353;354
366
74;79
75;80
0;0
85
405.0
77;192;193;194;350
367
73;78;83;88
262;352;310;267
0;35;69;69
2
625.0
74;75;76;77;79;80;81;82;84;85;86;87;89;191;192;193;194;195;196;197;198;199;200;201;202;263;264;265;266;307;308;309;350;351;353;354
368
190;194;198;202
262;352;310;267
0;35;69;69
25
400.0
75;76;77;78;79;80;81;82;83;84;85;86;87;88;89;191;192;193;195;196;197;199;200;201;263;264;265;266;307;308;309;351;353;354
369
80;85;90;95
353;311;268;358
0;35;69;69
28
525.0
81;82;83;84;86;87;88;89;91;92;93;94;96;196;197;198;199;200;201;202;203;204;205;206;207;264;265;266;267;309;310;312;313;354;355;356;357
370
80;85;90
310;267;357
0;34;34
150
410.0
81;82;83;84;86;87;88;89;91;92;93;94;196;197;198;199;200;201;202;203;204;205;206;264;265;266;309;311;312;353;354;355;356
371
80;85;90
309;266;356
0;34;34
296
210.0
81;82;83;84;86;87;88;89;91;196;197;198;199;200;201;202;203;204;264;265;310;353;354;355
372
80;85
84;89
0;0
76
375.0
81;82;83;86;87;88;196;197;198;199;200;264;265;309
373
80;85;90
198;202;206
0;34;34
103
205.0
81;82;83;84;86;87;88;89;91;92;196;197;199;200;201;203;204;205;264;265;266;309;310;353;354;355
374
308;199;265;86
310;267
0;0
25
415.0
82;83;84;87;88;89;196;197;198;200;201;202;264;266;309;353;354
375
193;197;201;205
352;310;267;357
0;35;69;69
6
420.0
80;81;82;83;84;85;86;87;88;89;90;91;92;93;94;194;195;196;198;199;200;202;203;204;206;264;265;266;307;308;309;311;312;353;354;355;356
376
192;196;200;204
352;310;267;357
0;35;69;69
5
420.0
78;79;80;81;82;83;84;85;86;87;88;89;90;91;92;93;94;193;194;195;197;198;199;201;202;203;205;206;264;265;266;307;308;309;311;312;351;353;354;355;356
377
263;353;311;268
85;90;95;100
0;35;69;69
36
555.0
86;87;88;89;91;92;93;94;96;97;98;99;199;200;201;202;203;204;205;206;207;208;209;210;264;265;266;267;310;312;313;354;355;356
378
263;353
264;354
0;0
7
585.0
85;86;87;199;200;201;265
379
263;353
266;356
0;0
74
550.0
85;86;87;88;89;90;91;199;200;201;202;203;204;264;265;310;354;355
380
263;353;311
202;206;210
0;34;34
2
545.0
85;86;87;88;89;90;91;92;93;94;95;96;97;199;200;201;203;204;205;207;208;209;264;265;266;267;310;312;313;354;355;356
381
262;352;310;267
85;90;95;100
0;35;69;69
15
400.0
82;83;84;86;87;88;89;91;92;93;94;96;97;98;99;196;197;198;199;200;201;202;203;204;205;206;207;208;209;210;263;264;265;266;268;309;311;312;313;353;354;355;356
382
262;352;310
309;266;356
0;34;34
47
400.0
82;83;84;85;86;87;88;89;90;91;196;197;198;199;200;201;202;203;204;263;264;265;353;354;355
383
351;309;266;356;314;271
85;90;95;100;105;110
0;35;70;104;104;454
31
195.0
101;102;103;104;106;107;108;109;82;83;84;86;87;88;89;91;92;93;94;96;97;98;99;195;196;197;198;199;200;201;202;203;204;205;206;207;208;209;210;211;212;213;214;215;216;217;218;264;265;267;268;269;270;310;311;312;313;315;316;352;353;354;355;357;358;359;360
384
351;309
353;311
0;0
57
525.0
82;83;84;85;86;195;196;197;198;199;264;265;310;352
385
351;309
352;310
0;0
304
410.0
82;83;84;195;196;197;198;264
386
351;309;266;356;314
198;202;206;210;214
0;35;70;104;104
17
210.0
101;102;82;83;84;85;86;87;88;89;90;91;92;93;94;95;96;97;98;99;100;195;196;197;199;200;201;203;204;205;207;208;209;211;212;213;264;265;267;268;269;270;310;311;312;313;352;353;354;355;357
387
77;82;87;92
352;310;267;357
0;35;69;69
3
625.0
78;79;80;81;83;84;85;86;88;89;90;91;93;94;194;195;196;197;198;199;200;201;202;203;204;205;206;264;265;266;307;308;309;311;312;353;354;355;356
388
79;84
80;85
0;0
81
405.0
82;196;197;198;308
389
78;83;88;93
352;310;267;357
0;35;69;69
2
625.0
79;80;81;82;84;85;86;87;89;90;91;92;94;195;196;197;198;199;200;201;202;203;204;205;206;264;265;266;308;309;311;312;353;354;355;356
390
194;198;202;206
352;310;267;357
0;35;69;69
26
400.0
80;81;82;83;84;85;86;87;88;89;90;91;92;93;94;195;196;197;199;200;201;203;204;205;264;265;266;309;311;312;353;354;355;356
391
85;90;95;100
311;268;358;316
0;35;69;69
24
525.0
101;86;87;88;89;91;92;93;94;96;97;98;99;200;201;202;203;204;205;206;207;208;209;210;211;266;267;269;270;312;313;314;315;354;355;356;357
392
85;90;95
267;357;315
0;34;34
147
410.0
86;87;88;89;91;92;93;94;96;97;98;99;200;201;202;203;204;205;206;207;208;209;210;266;268;269;311;312;313;314;354;355;356
393
85;90;95
266;356;314
0;34;34
288
210.0
86;87;88;89;91;92;93;94;96;200;201;202;203;204;205;206;207;208;267;311;312;313;354;355
394
85;90
89;94
0;0
82
375.0
86;87;88;91;92;93;200;201;202;203;204;266;354;355
395
85;90;95
202;206;210
0;34;34
101
205.0
86;87;88;89;91;92;93;94;96;97;200;201;203;204;205;207;208;209;266;267;311;312;313;354;355;356
396
265;203;355;91
267;357
0;0
27
415.0
87;88;89;92;93;94;200;201;202;204;205;206;266;311;312;354;356
397
197;201;205;209
310;267;357;315
0;35;69;69
5
420.0
85;86;87;88;89;90;91;92;93;94;95;96;97;98;99;198;199;200;202;203;204;206;207;208;210;264;265;266;268;269;311;312;313;314;354;355;356
398
196;200;204;208
310;267;357;315
0;35;69;69
5
420.0
83;84;85;86;87;88;89;90;91;92;93;94;95;96;97;98;99;197;198;199;201;202;203;205;206;207;209;210;264;265;266;268;269;309;311;312;313;314;354;355;356
399
353;311;268;358
90;95;100;105
0;35;69;69
30
555.0
101;102;103;104;91;92;93;94;96;97;98;99;203;204;205;206;207;208;209;210;211;212;213;214;267;269;270;312;313;314;354;355;356;357
400
353;311
354;312
0;0
6
585.0
90;91;92;203;204;205;355
401
353;311
356;314
0;0
76
550.0
90;91;92;93;94;95;96;203;204;205;206;207;208;267;312;313;354;355
402
353;311;268
206;210;214
0;34;34
2
545.0
101;102;90;91;92;93;94;95;96;97;98;99;100;203;204;205;207;208;209;211;212;213;267;269;270;312;313;314;354;355;356;357
403
352;310;267;357
90;95;100;105
0;35;69;69
14
400.0
101;102;103;104;87;88;89;91;92;93;94;96;97;98;99;200;201;202;203;204;205;206;207;208;209;210;211;212;213;214;266;268;269;270;311;312;313;314;353;354;355;356;358
404
352;310;267
266;356;314
0;34;34
50
400.0
87;88;89;90;91;92;93;94;95;96;200;201;202;203;204;205;206;207;208;311;312;313;353;354;355
405
309;266;356;314;271;361
90;95;100;105;110;115
0;35;70;104;104;454
32
195.0
101;102;103;104;106;107;108;109;111;112;113;114;87;88;89;91;92;93;94;96;97;98;99;199;200;201;202;203;204;205;206;207;208;209;210;211;212;213;214;215;216;217;218;219;220;221;222;267;268;269;270;272;273;310;311;312;313;315;316;317;318;354;355;357;358;359;360
406
309;266
311;268
0;0
56
525.0
87;88;89;90;91;199;200;201;202;203;267;310;354;355
407
309;266
310;267
0;0
316
410.0
87;88;89;199;200;201;202;354
408
309;266;356;314;271
202;206;210;214;218
0;35;70;104;104
15
210.0
101;102;103;104;105;106;107;87;88;89;90;91;92;93;94;95;96;97;98;99;100;199;200;201;203;204;205;207;208;209;211;212;213;215;216;217;267;268;269;270;310;311;312;313;315;354;355;357;358;359;360
409
82;87;92;97
310;267;357;315
0;35;69;69
2
625.0
83;84;85;86;88;89;90;91;93;94;95;96;98;99;198;199;200;201;202;203;204;205;206;207;208;209;210;264;265;266;268;269;311;312;313;314;354;355;356
410
84;89
85;90
0;0
77
405.0
87;200;201;202;265
411
83;88;93;98
310;267;357;315
0;35;69;69
2
625.0
84;85;86;87;89;90;91;92;94;95;96;97;99;199;200;201;202;203;204;205;206;207;208;209;210;265;266;268;269;311;312;313;314;354;355;356
412
198;202;206;210
310;267;357;315
0;35;69;69
22
400.0
85;86;87;88;89;90;91;92;93;94;95;96;97;98;99;199;200;201;203;204;205;207;208;209;266;268;269;311;312;313;314;354;355;356
413
90;95;100;105
268;358;316;273
0;35;69;69
24
525.0
101;102;103;104;106;91;92;93;94;96;97;98;99;204;205;206;207;208;209;210;211;212;213;214;215;269;270;271;272;312;313;314;315;356;357;359;360
414
90;95;100
357;315;272
0;34;34
150
410.0
101;102;103;104;91;92;93;94;96;97;98;99;204;205;206;207;208;209;210;211;212;213;214;268;269;270;271;312;313;314;356;358;359
415
90;95;100
356;314;271
0;34;34
298
210.0
101;91;92;93;94;96;97;98;99;204;205;206;207;208;209;210;211;212;268;269;270;312;313;357
416
90;95
94;99
0;0
83
375.0
91;92;93;96;97;98;204;205;206;207;208;312;313;356
417
90;95;100
206;210;214
0;34;34
106
205.0
101;102;91;92;93;94;96;97;98;99;204;205;207;208;209;211;212;213;268;269;270;312;313;314;356;357
418
355;207;313;96
357;315
0;0
24
415.0
92;93;94;97;98;99;204;205;206;208;209;210;268;269;312;314;356
419
201;205;209;213
267;357;315;272
0;35;69;69
6
420.0
101;102;103;104;90;91;92;93;94;95;96;97;98;99;100;202;203;204;206;207;208;210;211;212;214;268;269;270;271;312;313;314;354;355;356;358;359
420
200;204;208;212
267;357;315;272
0;35;69;69
5
420.0
101;102;103;104;88;89;90;91;92;93;94;95;96;97;98;99;100;201;202;203;205;206;207;209;210;211;213;214;266;268;269;270;271;312;313;314;354;355;356;358;359
421
311;268;358;316
95;100;105;110
0;35;69;69
32
555.0
101;102;103;104;106;107;108;109;96;97;98;99;207;208;209;210;211;212;213;214;215;216;217;218;269;270;271;312;313;314;315;357;359;360
422
311;268
312;269
0;0
6
585.0
95;96;97;207;208;209;313
423
311;268
314;271
0;0
70
550.0
101;95;96;97;98;99;100;207;208;209;210;211;212;269;270;312;313;357
424
311;268;358
210;214;218
0;34;34
3
545.0
101;102;103;104;105;106;107;95;96;97;98;99;100;207;208;209;211;212;213;215;216;217;269;270;271;312;313;314;315;357;359;360
425
310;267;357;315
95;100;105;110
0;35;69;69
13
400.0
101;102;103;104;106;107;108;109;92;93;94;96;97;98;99;204;205;206;207;208;209;210;211;212;213;214;215;216;217;218;268;269;270;271;311;312;313;314;316;356;358;359;360
426
310;267;357
356;314;271
0;34;34
53
400.0
101;92;93;94;95;96;97;98;99;100;204;205;206;207;208;209;210;211;212;268;269;270;311;312;313
427
266;356;314;271;361;319
95;100;105;110;115;120
0;35;70;104;104;454
27
195.0
101;102;103;104;106;107;108;109;111;112;113;114;116;117;118;119;92;93;94;96;97;98;99;203;204;205;206;207;208;209;210;211;212;213;214;215;216;217;218;219;220;221;222;223;224;225;226;267;268;269;270;272;273;274;275;312;313;315;316;317;318;357;358;359;360;362;363
428
266;356
268;358
0;0
50
525.0
92;93;94;95;96;203;204;205;206;207;267;312;313;357
429
266;356
267;357
0;0
311
410.0
92;93;94;203;204;205;206;312
430
266;356;314;271;361
206;210;214;218;222
0;35;70;104;104
14
210.0
101;102;103;104;105;106;107;108;109;110;111;112;92;93;94;95;96;97;98;99;100;203;204;205;207;208;209;211;212;213;215;216;217;219;220;221;267;268;269;270;272;312;313;315;316;317;318;357;358;359;360
431
87;92;97;102
267;357;315;272
0;35;69;69
2
625.0
101;103;104;88;89;90;91;93;94;95;96;98;99;100;202;203;204;205;206;207;208;209;210;211;212;213;214;268;269;270;271;312;313;314;354;355;356;358;359
432
89;94
90;95
0;0
73
405.0
92;204;205;206;355
433
88;93;98;103
267;357;315;272
0;35;69;69
1
625.0
101;102;104;89;90;91;92;94;95;96;97;99;100;203;204;205;206;207;208;209;210;211;212;213;214;268;269;270;271;312;313;314;355;356;358;359
434
202;206;210;214
267;357;315;272
0;35;69;69
22
400.0
101;102;103;104;90;91;92;93;94;95;96;97;98;99;100;203;204;205;207;208;209;211;212;213;268;269;270;271;312;313;314;356;358;359
435
95;100;105;110
358;316;273;363
0;35;69;69
28
525.0
101;102;103;104;106;107;108;109;111;96;97;98;99;208;209;210;211;212;213;214;215;216;217;218;219;269;270;271;272;314;315;317;318;359;360;361;362
436
95;100;105
315;272;362
0;34;34
139
410.0
101;102;103;104;106;107;108;109;96;97;98;99;208;209;210;211;212;213;214;215;216;217;218;269;270;271;314;316;317;358;359;360;361
437
95;100;105
314;271;361
0;34;34
287
210.0
101;102;103;104;106;96;97;98;99;208;209;210;211;212;213;214;215;216;269;270;315;358;359;360
438
95;100
99;104
0;0
75
375.0
101;102;103;96;97;98;208;209;210;211;212;269;270;314
439
95;100;105
210;214;218
0;34;34
99
205.0
101;102;103;104;106;107;96;97;98;99;208;209;211;212;213;215;216;217;269;270;271;314;315;358;359;360
440
313;211;270;101
315;272
0;0
27
415.0
102;103;104;97;98;99;208;209;210;212;213;214;269;271;314;358;359
441
205;209;213;217
357;315;272;362
0;35;69;69
6
420.0
101;102;103;104;105;106;107;108;109;95;96;97;98;99;100;206;207;208;210;211;212;214;215;216;218;269;270;271;312;313;314;316;317;358;359;360;361
442
204;208;212;216
357;315;272;362
0;35;69;69
5
420.0
101;102;103;104;105;106;107;108;109;93;94;95;96;97;98;99;100;205;206;207;209;210;211;213;214;215;217;218;269;270;271;312;313;314;316;317;356;358;359;360;361
443
268;358;316;273
100;105;110;115
0;35;69;69
35
555.0
101;102;103;104;106;107;108;109;111;112;113;114;211;212;213;214;215;216;217;218;219;220;221;222;269;270;271;272;315;317;318;359;360;361
444
268;358
269;359
0;0
6
585.0
101;102;100;211;212;213;270
445
268;358
271;361
0;0
70
550.0
101;102;103;104;105;106;100;211;212;213;214;215;216;269;270;315;359;360
446
268;358;316
214;218;222
0;34;34
2
545.0
101;102;103;104;105;106;107;108;109;110;111;112;100;211;212;213;215;216;217;219;220;221;269;270;271;272;315;317;318;359;360;361
447
267;357;315;272
100;105;110;115
0;35;69;69
12
400.0
101;102;103;104;106;107;108;109;111;112;113;114;97;98;99;208;209;210;211;212;213;214;215;216;217;218;219;220;221;222;268;269;270;271;273;314;316;317;318;358;359;360;361
448
267;357;315
314;271;361
0;34;34
47
400.0
101;102;103;104;105;106;97;98;99;100;208;209;210;211;212;213;214;215;216;268;269;270;358;359;360
449
356;314;271;361;319;276
100;105;110;115;120;125
0;35;70;104;104;454
30
195.0
101;102;103;104;106;107;108;109;111;112;113;114;116;117;118;119;121;122;123;124;97;98;99;207;208;209;210;211;212;213;214;215;216;217;218;219;220;221;222;223;224;225;226;227;228;229;230;269;270;272;273;274;275;315;316;317;318;320;321;357;358;359;360;362;363;364;365
450
356;314
358;316
0;0
57
525.0
101;97;98;99;100;207;208;209;210;211;269;270;315;357
451
356;314
357;315
0;0
319
410.0
97;98;99;207;208;209;210;269
452
356;314;271;361;319
210;214;218;222;226
0;35;70;104;104
17
210.0
101;102;103;104;105;106;107;108;109;110;111;112;113;114;115;116;117;97;98;99;100;207;208;209;211;212;213;215;216;217;219;220;221;223;224;225;269;270;272;273;274;275;315;316;317;318;357;358;359;360;362
453
92;97;102;107
357;315;272;362
0;35;69;69
2
625.0
101;103;104;105;106;108;109;93;94;95;96;98;99;100;206;207;208;209;210;211;212;213;214;215;216;217;218;269;270;271;312;313;314;316;317;358;359;360;361
454
94;99
95;100
0;0
74
405.0
97;208;209;210;313
455
93;98;103;108
357;315;272;362
0;35;69;69
1
625.0
101;102;104;105;106;107;109;94;95;96;97;99;100;207;208;209;210;211;212;213;214;215;216;217;218;269;270;271;313;314;316;317;358;359;360;361
456
206;210;214;218
357;315;272;362
0;35;69;69
22
400.0
101;102;103;104;105;106;107;108;109;95;96;97;98;99;100;207;208;209;211;212;213;215;216;217;269;270;271;314;316;317;358;359;360;361
457
100;105;110;115
316;273;363;321
0;35;69;69
24
525.0
101;102;103;104;106;107;108;109;111;112;113;114;116;212;213;214;215;216;217;218;219;220;221;222;223;271;272;274;275;317;318;319;320;359;360;361;362
458
100;105;110
272;362;320
0;34;34
141
410.0
101;102;103;104;106;107;108;109;111;112;113;114;212;213;214;215;216;217;218;219;220;221;222;271;273;274;316;317;318;319;359;360;361
459
100;105;110
271;361;319
0;34;34
281
210.0
101;102;103;104;106;107;108;109;111;212;213;214;215;216;217;218;219;220;272;316;317;318;359;360
460
100;105
104;109
0;0
84
375.0
101;102;103;106;107;108;212;213;214;215;216;271;359;360
461
100;105;110
214;218;222
0;34;34
105
205.0
101;102;103;104;106;107;108;109;111;112;212;213;215;216;217;219;220;221;271;272;316;317;318;359;360;361
462
270;215;360;106
272;362
0;0
28
415.0
102;103;104;107;108;109;212;213;214;216;217;218;271;316;317;359;361
463
209;213;217;221
315;272;362;320
0;35;69;69
6
420.0
101;102;103;104;105;106;107;108;109;110;111;112;113;114;100;210;211;212;214;215;216;218;219;220;222;269;270;271;273;274;316;317;318;319;359;360;361
464
208;212;216;220
315;272;362;320
0;35;69;69
5
420.0
101;102;103;104;105;106;107;108;109;110;111;112;113;114;98;99;100;209;210;211;213;214;215;217;218;219;221;222;269;270;271;273;274;314;316;317;318;319;359;360;361
465
358;316;273;363
105;110;115;120
0;35;69;69
29
555.0
106;107;108;109;111;112;113;114;116;117;118;119;215;216;217;218;219;220;221;222;223;224;225;226;272;274;275;317;318;319;359;360;361;362
466
358;316
359;317
0;0
6
585.0
105;106;107;215;216;217;360
467
358;316
361;319
0;0
74
550.0
105;106;107;108;109;110;111;215;216;217;218;219;220;272;317;318;359;360
468
358;316;273
218;222;226
0;34;34
1
545.0
105;106;107;108;109;110;111;112;113;114;115;116;117;215;216;217;219;220;221;223;224;225;272;274;275;317;318;319;359;360;361;362
469
357;315;272;362
105;110;115;120
0;35;69;69
11
400.0
102;103;104;106;107;108;109;111;112;113;114;116;117;118;119;212;213;214;215;216;217;218;219;220;221;222;223;224;225;226;271;273;274;275;316;317;318;319;358;359;360;361;363
470
357;315;272
271;361;319
0;34;34
44
400.0
102;103;104;105;106;107;108;109;110;111;212;213;214;215;216;217;218;219;220;316;317;318;358;359;360
471
314;271;361;319;276;366
105;110;115;120;125;130
0;35;70;104;104;454
29
195.0
102;103;104;106;107;108;109;111;112;113;114;116;117;118;119;121;122;123;124;126;127;128;129;231;232;233;234;211;212;213;214;215;216;217;218;219;220;221;222;223;224;225;226;227;228;229;230;272;273;274;275;277;278;315;316;317;318;320;321;322;323;359;360;362;363;364;365
472
314;271
316;273
0;0
57
525.0
102;103;104;105;106;211;212;213;214;215;272;315;359;360
473
314;271
315;272
0;0
317
410.0
102;103;104;211;212;213;214;359
474
314;271;361;319;276
214;218;222;226;230
0;35;70;104;104
15
210.0
102;103;104;105;106;107;108;109;110;111;112;113;114;115;116;117;118;119;120;121;122;211;212;213;215;216;217;219;220;221;223;224;225;227;228;229;272;273;274;275;315;316;317;318;320;359;360;362;363;364;365
475
97;102;107;112
315;272;362;320
0;35;69;69
1
625.0
101;103;104;105;106;108;109;110;111;113;114;98;99;100;210;211;212;213;214;215;216;217;218;219;220;221;222;269;270;271;273;274;316;317;318;319;359;360;361
476
99;104
100;105
0;0
71
405.0
102;212;213;214;270
477
98;103;108;113
315;272;362;320
0;35;69;69
1
625.0
101;102;104;105;106;107;109;110;111;112;114;99;100;211;212;213;214;215;216;217;218;219;220;221;222;270;271;273;274;316;317;318;319;359;360;361
478
210;214;218;222
315;272;362;320
0;35;69;69
23
400.0
101;102;103;104;105;106;107;108;109;110;111;112;113;114;100;211;212;213;215;216;217;219;220;221;271;273;274;316;317;318;319;359;360;361
479
105;110;115;120
273;363;321;278
0;35;69;69
27
525.0
106;107;108;109;111;112;113;114;116;117;118;119;121;216;217;218;219;220;221;222;223;224;225;226;227;274;275;276;277;317;318;319;320;361;362;364;365
480
105;110;115
362;320;277
0;34;34
140
410.0
106;107;108;109;111;112;113;114;116;117;118;119;216;217;218;219;220;221;222;223;224;225;226;273;274;275;276;317;318;319;361;363;364
481
105;110;115
361;319;276
0;34;34
290
210.0
106;107;108;109;111;112;113;114;116;216;217;218;219;220;221;222;223;224;273;274;275;317;318;362
482
105;110
109;114
0;0
76
375.0
106;107;108;111;112;113;216;217;218;219;220;317;318;361
483
105;110;115
218;222;226
0;34;34
96
205.0
106;107;108;109;111;112;113;114;116;117;216;217;219;220;221;223;224;225;273;274;275;317;318;319;361;362
484
360;219;318;111
362;320
0;0
25
415.0
107;108;109;112;113;114;216;217;218;220;221;222;273;274;317;319;361
485
213;217;221;225
272;362;320;277
0;35;69;69
6
420.0
105;106;107;108;109;110;111;112;113;114;115;116;117;118;119;214;215;216;218;219;220;222;223;224;226;273;274;275;276;317;318;319;359;360;361;363;364
486
212;216;220;224
272;362;320;277
0;35;69;69
5
420.0
103;104;105;106;107;108;109;110;111;112;113;114;115;116;117;118;119;213;214;215;217;218;219;221;222;223;225;226;271;273;274;275;276;317;318;319;359;360;361;363;364
487
316;273;363;321
110;115;120;125
0;35;69;69
34
555.0
111;112;113;114;116;117;118;119;121;122;123;124;219;220;221;222;223;224;225;226;227;228;229;230;274;275;276;317;318;319;320;362;364;365
488
316;273
317;274
0;0
5
585.0
110;111;112;219;220;221;318
489
316;273
319;276
0;0
68
550.0
110;111;112;113;114;115;116;219;220;221;222;223;224;274;275;317;318;362
490
316;273;363
222;226;230
0;34;34
1
545.0
110;111;112;113;114;115;116;117;118;119;120;121;122;219;220;221;223;224;225;227;228;229;274;275;276;317;318;319;320;362;364;365
491
315;272;362;320
110;115;120;125
0;35;69;69
12
400.0
107;108;109;111;112;113;114;116;117;118;119;121;122;123;124;216;217;218;219;220;221;222;223;224;225;226;227;228;229;230;273;274;275;276;316;317;318;319;321;361;363;364;365
492
315;272;362
361;319;276
0;34;34
49
400.0
107;108;109;110;111;112;113;114;115;116;216;217;218;219;220;221;222;223;224;273;274;275;316;317;318
493
271;361;319;276;366
110;115;120;125;130
0;35;70;104;104
27
195.0
107;108;109;111;112;113;114;116;117;118;119;121;122;123;124;126;127;128;129;231;232;233;234;215;216;217;218;219;220;221;222;223;224;225;226;227;228;229;230;272;273;274;275;277;278;317;318;320;321;322;323;362;363;364;365
494
271;361
273;363
0;0
55
525.0
107;108;109;110;111;215;216;217;218;219;272;317;318;362
495
271;361
272;362
0;0
318
410.0
107;108;109;215;216;217;218;317
496
271;361;319;276;366
218;222;226;230;234
0;35;70;104;104
14
210.0
107;108;109;110;111;112;113;114;115;116;117;118;119;120;121;122;123;124;125;126;127;231;232;233;215;216;217;219;220;221;223;224;225;227;228;229;272;273;274;275;277;317;318;320;321;322;323;362;363;364;365
497
102;107;112;117
272;362;320;277
0;35;69;69
1
625.0
103;104;105;106;108;109;110;111;113;114;115;116;118;119;214;215;216;217;218;219;220;221;222;223;224;225;226;273;274;275;276;317;318;319;359;360;361;363;364
498
104;109
105;110
0;0
68
405.0
107;216;217;218;360
499
103;108;113;118
272;362;320;277
0;35;69;69
1
625.0
104;105;106;107;109;110;111;112;114;115;116;117;119;215;216;217;218;219;220;221;222;223;224;225;226;273;274;275;276;317;318;319;360;361;363;364
500
214;218;222;226
272;362;320;277
0;35;69;69
25
400.0
105;106;107;108;109;110;111;112;113;114;115;116;117;118;119;215;216;217;219;220;221;223;224;225;273;274;275;276;317;318;319;361;363;364
501
110;115;120;125
363;321;278;368
0;35;69;69
28
525.0
111;112;113;114;116;117;118;119;121;122;123;124;126;231;220;221;222;223;224;225;226;227;228;229;230;274;275;276;277;319;320;322;323;364;365;366;367
502
110;115;120
320;277;367
0;34;34
151
410.0
111;112;113;114;116;117;118;119;121;122;123;124;220;221;222;223;224;225;226;227;228;229;230;274;275;276;319;321;322;363;364;365;366
503
110;115;120
319;276;366
0;34;34
295
210.0
111;112;113;114;116;117;118;119;121;220;221;222;223;224;225;226;227;228;274;275;320;363;364;365
504
110;115
114;119
0;0
72
375.0
111;112;113;116;117;118;220;221;222;223;224;274;275;319
505
110;115;120
222;226;230
0;34;34
94
205.0
111;112;113;114;116;117;118;119;121;122;220;221;223;224;225;227;228;229;274;275;276;319;320;363;364;365
506
318;223;275;116
320;277
0;0
23
415.0
112;113;114;117;118;119;220;221;222;224;225;226;274;276;319;363;364
507
217;221;225;229
362;320;277;367
0;35;69;69
6
420.0
110;111;112;113;114;115;116;117;118;119;120;121;122;123;124;218;219;220;222;223;224;226;227;228;230;274;275;276;317;318;319;321;322;363;364;365;366
508
216;220;224;228
362;320;277;367
0;35;69;69
5
420.0
108;109;110;111;112;113;114;115;116;117;118;119;120;121;122;123;124;217;218;219;221;222;223;225;226;227;229;230;274;275;276;317;318;319;321;322;361;363;364;365;366
509
273;363;321;278
115;120;125;130
0;35;69;69
29
555.0
116;117;118;119;121;122;123;124;126;127;128;129;231;232;233;234;223;224;225;226;227;228;229;230;274;275;276;277;320;322;323;364;365;366
510
273;363
274;364
0;0
6
585.0
115;116;117;223;224;225;275
511
273;363
276;366
0;0
76
550.0
115;116;117;118;119;120;121;223;224;225;226;227;228;274;275;320;364;365
512
273;363;321
226;230;234
0;34;34
2
545.0
115;116;117;118;119;120;121;122;123;124;125;126;127;231;232;233;223;224;225;227;228;229;274;275;276;277;320;322;323;364;365;366
513
272;362;320;277
115;120;125;130
0;35;69;69
12
400.0
112;113;114;116;117;118;119;121;122;123;124;126;127;128;129;231;232;233;234;220;221;222;223;224;225;226;227;228;229;230;273;274;275;276;278;319;321;322;323;363;364;365;366
514
272;362;320
319;276;366
0;34;34
43
400.0
112;113;114;115;116;117;118;119;120;121;220;221;222;223;224;225;226;227;228;273;274;275;363;364;365
515
361;319;276;366
115;120;125;130
0;35;70;104
32
195.0
112;113;114;116;117;118;119;121;122;123;124;126;127;128;129;231;232;233;234;219;220;221;222;223;224;225;226;227;228;229;230;274;275;277;278;320;321;322;323;362;363;364;365
516
361;319
363;321
0;0
55
525.0
112;113;114;115;116;219;220;221;222;223;274;275;320;362
517
361;319
362;320
0;0
309
410.0
112;113;114;219;220;221;222;274
518
361;319;276;366
222;226;230;234
0;35;70;104
15
210.0
112;113;114;115;116;117;118;119;120;121;122;123;124;125;126;127;231;232;233;219;220;221;223;224;225;227;228;229;274;275;277;320;321;322;323;362;363;364;365
519
107;112;117;122
362;320;277;367
0;35;69;69
1
625.0
108;109;110;111;113;114;115;116;118;119;120;121;123;124;218;219;220;221;222;223;224;225;226;227;228;229;230;274;275;276;317;318;319;321;322;363;364;365;366
520
109;114
110;115
0;0
75
405.0
112;220;221;222;318
521
218;222;226;230
362;320;277;367
0;35;69;69
23
400.0
110;111;112;113;114;115;116;117;118;119;120;121;122;123;124;219;220;221;223;224;225;227;228;229;274;275;276;319;321;322;363;364;365;366
522
115;120;125
321;278;368
0;35;69
25
525.0
116;117;118;119;121;122;123;124;126;231;224;225;226;227;228;229;230;276;277;322;323;364;365;366;367
523
115;120
277;367
0;34
137
410.0
116;117;118;119;121;122;123;124;224;225;226;227;228;229;230;276;321;322;364;365;366
524
115;120;125
276;366;324
0;34;34
284
210.0
116;117;118;119;121;122;123;124;126;231;232;224;225;226;227;228;229;230;277;321;322;323;364;365
525
115;120
119;124
0;0
70
375.0
116;117;118;121;122;123;224;225;226;227;228;276;364;365
526
115;120;125
226;230;234
0;34;34
96
205.0
116;117;118;119;121;122;123;124;126;127;231;232;233;224;225;227;228;229;276;277;321;322;323;364;365;366
527
275;227;365;121
277;367
0;0
28
415.0
117;118;119;122;123;124;224;225;226;228;229;230;276;321;322;364;366
528
221;225;229
320;277;367
0;35;69
5
420.0
115;116;117;118;119;120;121;122;123;124;222;223;224;226;227;228;230;274;275;276;321;322;364;365;366
529
220;224;228
320;277;367
0;35;69
5
420.0
113;114;115;116;117;118;119;120;121;122;123;124;221;222;223;225;226;227;229;230;274;275;276;319;321;322;364;365;366
530
363;321;278
120;125;130
0;35;69
29
555.0
121;122;123;124;126;127;128;129;231;232;233;234;227;228;229;230;277;322;323;364;365;366
531
363;321
364;322
0;0
6
585.0
120;121;122;227;228;229;365
532
363;321
366;324
0;0
69
550.0
120;121;122;123;124;125;126;231;232;227;228;229;230;277;322;323;364;365
533
363;321
230;234
0;34
2
545.0
120;121;122;123;124;125;126;127;231;232;233;227;228;229;277;322;323;364;365;366
534
362;320;277
120;125;130
0;35;69
13
400.0
117;118;119;121;122;123;124;126;127;128;129;231;232;233;234;224;225;226;227;228;229;230;276;278;321;322;323;363;364;365;366
535
362;320;277
276;366;324
0;34;34
44
400.0
117;118;119;120;121;122;123;124;125;126;231;232;224;225;226;227;228;229;230;321;322;323;363;364;365
536
319;276;366;324
0
0
33
195.0
117;118;119;120;121;122;123;124;125;126;127;128;129;130;231;232;233;234;235;223;224;225;226;227;228;229;230;277;278;279;280;320;321;322;323;364;365;367;368
537
319;276
321;278
0;0
59
525.0
117;118;119;120;121;223;224;225;226;227;277;320;364;365
538
319;276
320;277
0;0
320
410.0
117;118;119;223;224;225;226;364
539
319;276;366;324
0
0
14
210.0
117;118;119;120;121;122;123;124;125;126;127;128;129;130;231;232;233;234;235;223;224;225;226;227;228;229;230;277;278;279;280;320;321;322;323;364;365;367;368
540
112;117;122
320;277;367
0;35;69
2
625.0
113;114;115;116;118;119;120;121;123;124;222;223;224;225;226;227;228;229;230;274;275;276;321;322;364;365;366
541
114;119
115;120
0;0
81
405.0
117;224;225;226;275
542
222;226;230
320;277;367
0;35;69
20
400.0
115;116;117;118;119;120;121;122;123;124;223;224;225;227;228;229;276;321;322;364;365;366
543
120;125;130
0
0
23
525.0
121;122;123;124;126;127;128;129;231;232;233;234;235;228;229;230;278;279;280;322;323;324;366;367;368
544
120;125;130
0
0
135
410.0
121;122;123;124;126;127;128;129;231;232;233;234;235;228;229;230;278;279;280;322;323;324;366;367;368
545
120;125
366;324
0;34
293
210.0
121;122;123;124;126;231;232;228;229;230;322;323
546
120;125
124;129
0;0
80
375.0
121;122;123;126;127;128;231;232;228;229;230;322;323;366
547
120;125
230;234
0;34
94
205.0
121;122;123;124;126;127;231;232;233;228;229;322;323;366
548
365
367
0
28
415.0
122;123;124;228;229;230;322;366
549
225;229;233
0
0
5
420.0
120;121;122;123;124;125;126;127;128;129;130;231;232;234;235;226;227;228;230;277;278;279;280;322;323;324;364;365;366;367;368
550
224;228;232
0
0
4
420.0
118;119;120;121;122;123;124;125;126;127;128;129;130;231;233;234;235;225;226;227;229;230;276;277;278;279;280;322;323;324;364;365;366;367;368
551
321;278;368
0
0
31
555.0
125;126;127;128;129;130;231;232;233;234;235;279;280;322;323;324
552
321;278
322;279
0;0
6
585.0
125;126;127;231;232;233;323
553
321
324
0
74
550.0
125;126;231;232;322;323
554
321;278;368
0
0
1
545.0
125;126;127;128;129;130;231;232;233;234;235;279;280;322;323;324
555
320;277;367
0
0
13
400.0
122;123;124;125;126;127;128;129;130;231;232;233;234;235;228;229;230;278;279;280;321;322;323;324;366;368
556
320;277
366;324
0;34
44
400.0
122;123;124;125;126;231;232;228;229;230;321;322;323
557
276;366;324
0
0
28
195.0
122;123;124;125;126;127;128;129;130;231;232;233;234;235;227;228;229;230;277;278;279;280;322;323;367;368
558
276;366
278;368
0;0
59
525.0
122;123;124;125;126;231;227;228;229;230;277;322;323;367
559
276;366
277;367
0;0
326
410.0
122;123;124;227;228;229;230;322
560
276;366;324
0
0
14
210.0
122;123;124;125;126;127;128;129;130;231;232;233;234;235;227;228;229;230;277;278;279;280;322;323;367;368
561
117;122;127
0
0
1
625.0
118;119;120;121;123;124;125;126;128;129;130;231;232;233;234;235;226;227;228;229;230;277;278;279;280;322;323;324;364;365;366;367;368
562
119;124
120;125
0;0
78
405.0
122;228;229;230;365
563
118;123;128
0
0
1
625.0
119;120;121;122;124;125;126;127;129;130;231;232;233;234;235;227;228;229;230;277;278;279;280;322;323;324;365;366;367;368
564
226;230;234
0
0
22
400.0
120;121;122;123;124;125;126;127;128;129;130;231;232;233;235;227;228;229;277;278;279;280;322;323;324;366;367;368
565
125;130
0
0
23
525.0
126;127;128;129;232;233;234;235;279;280;324;368
566
125;130
0
0
135
410.0
126;127;128;129;232;233;234;235;279;280;324;368
567
125;130
0
0
295
210.0
126;127;128;129;232;233;234;235;279;280;324;368
568
125
129
0
70
375.0
126;127;128;232
569
125;130
0
0
90
205.0
126;127;128;129;232;233;234;235;279;280;324;368
570
323;235;280
0
0
26
415.0
127;128;129;130;232;233;234;324;368
571
229;233
0
0
5
420.0
125;126;127;128;129;130;231;232;234;235;230;279;280;322;323;324;367;368
572
228;232
0
0
4
420.0
123;124;125;126;127;128;129;130;231;233;234;235;229;230;279;280;322;323;324;366;367;368
573
278;368
0
0
31
555.0
130;235;279;280
574
278
279
0
6
585.0

575
278;368
0
0
67
550.0
130;235;279;280
576
278;368
0
0
1
545.0
130;235;279;280
577
277;367
0
0
13
400.0
127;128;129;130;232;233;234;235;278;279;280;324;368
578
277;367
0
0
47
400.0
127;128;129;130;232;233;234;235;278;279;280;324;368
579
366;324
0
0
32
195.0
127;128;129;130;231;232;233;234;235;279;280;367;368
580
366
368
0
52
525.0
231;367
581
366
367
0
323
410.0

582
366;324
0
0
14
210.0
127;128;129;130;231;232;233;234;235;279;280;367;368
583
124;129
125;130
0;0
69
405.0
127;232;233;234;323
584
123;128
0
0
1
625.0
124;125;126;127;129;130;231;232;233;234;235;279;280;323;324;367;368
585
230;234
0
0
24
400.0
125;126;127;128;129;130;231;232;233;235;279;280;324;367;368
586
130
0
0
23
525.0

587
130
0
0
132
410.0

588
130
0
0
280
210.0

589
130
0
0
76
375.0

590
130
0
0
98
205.0

591
280
0
0
24
415.0

592
233
0
0
4
420.0
130;234;235;279;280
593
232
0
0
4
420.0
128;129;130;233;234;235;279;280;324
594
368
0
0
26
555.0

595
368
0
0
5
585.0

596
368
0
0
74
550.0

597
367
0
0
12
400.0
368
598
367
0
0
46
400.0
368
599
324
0
0
30
195.0
235
600
324
0
0
60
525.0
235
601
324
0
0
316
410.0
235
602
324
0
0
12
210.0
235
603
129
130
0
73
405.0

604
234
0
0
23
400.0
130;235
Empties
102;107;109;12;111;113;115;118;119;13;124;125;127;129;130;21;29;30;33;34;37;38;40;42;43;58;60;61;62;65;67;69;71;73;74;75;77;78;82;83;84;87;88;92;99;100;233;234;235;149;151;157;164;165;167;168;169;170;172;174;183;186;189;193;195;196;204;205;210;213;216;217;218;225;226;228;229;230;246;247;248;249;251;252;253;254;255;256;259;262;263;264;265;267;268;269;271;272;273;276;277;278;279;280;243;244;291;296;297;298;300;301;302;304;306;307;309;310;311;314;316;317;319;320;321;322;324;288;290;338;339;342;343;346;347;348;349;352;353;354;355;357;358;360;362;363;364;366;367;368;333;334
74;66;30;36;82;75;12;13;248;84;373;186;68;120;81;88;88;397;58;36;290;72;124;341;18;83;131;8;81;237;20;59;75;81;46;319;65;7;231;71;118;13;135;31;361;308;96;121;49;71;42;222;61;52;141;4;10;70;392;56;4;29;33;198;30;62;198;31;225;26;49;32;148;423;29;17;106;91;123;348;445;16;5;171;377;7;103;48;6;131;415;7;273;103;430;6;341;280;618;389;686;47;6;95;185;15;360;451;14;80;401;52;6;123;357;7;81;302;187;176;302;18;85;586;24;5;310;109;81;305;7;378;445;11;317;289;6;12;244;14;32;130;362;16;3;305;6;1;765;59;89;8
2;101;104;105;106;108;110;116;14;16;17;19;20;3;22;23;24;25;26;27;28;4;31;32;35;39;5;41;44;47;48;49;50;6;52;53;54;55;57;59;7;63;64;68;70;72;76;79;80;9;81;85;90;10;94;95;96;97;98;141;142;144;145;148;150;152;153;154;155;156;158;160;134;161;162;166;135;176;177;178;180;136;181;182;184;185;190;137;191;192;194;197;198;199;200;138;202;203;206;208;209;139;212;214;140;221;222;224;237;250;238;257;258;260;261;266;242;293;294;295;299;283;303;315;285;286;289;326;335;336;337;341;327;351;328;356;361;330;331;332
7;57;81;137;309;94;246;11;315;354;66;92;80;363;195;360;27;6;303;56;134;155;2;362;286;73;151;77;84;105;109;515;473;26;22;6;212;9;310;159;4;35;448;233;370;323;311;183;106;12;2;15;63;57;87;211;73;623;21;76;13;346;299;203;35;28;165;403;24;69;82;46;145;61;131;90;18;17;155;17;88;68;180;362;15;289;159;347;24;52;145;140;23;36;27;326;107;606;350;318;418;153;2;25;101;129;370;36;77;250;110;105;30;2;155;323;70;103;42;27;190;61;25;39;50;233;86;189;117;234;92;6;54;374;12;129;100;17;807;9
167;134;103;199;104;119;138;107;121;200;174;117;153;190;126;183;157;188;102;121;190;159;122;191;109;178;132;175;158;148;113;175;189;153;174;100;110;158;110;114;120;140;133;112;185;106;187;101;195;133;140;177;165;104;102;120;184;187;164;151;178;135;134;145;106;192;193;170;179;106;139;178;104;178;195;128;160;139;183;155;148;188;179;137;105;115;146;121;120;162;159;124;191;144;141;159;144;199;171;158;162;152;133;122;167;196;135;160;115;172;188;134;160;184;114;182;125;172;108;163;103;110;168;178;179;188;164;166;191;192;122;175;180;106;153;143;182;170;172;143
