Demands;740
0
1
2
0
239
1305.0

1
1
2
0
46
210.0

2
1
2
0
82
1175.0

3
1
2
0
66
1255.0

4
1
7;89;13;95
0;0;350;700
208
1345.0
2;11;12;3;4;5;6;8;9;10;90;91;92;93;94;84;85;86;87;88;161;162;163;164;193;194;195;196;197;229;230;231;232;233;263;264;265;295;296;316;335;336;355;356;357
5
80
81
0
38
200.0

6
80
81
0
64
260.0

7
80
81
0
38
260.0

8
80
83;7;89;13
0;0;350;700
208
1345.0
11;12;5;6;9;10;81;82;86;87;88;161;162;163;193;194;195;196;228;229;230;263;264;265;295;296;316;335;355
9
80
84;8;90;14
0;0;350;700
239
1305.0
11;12;13;5;6;7;9;10;81;82;83;86;87;88;89;161;162;163;193;194;195;196;228;229;230;263;264;265;295;296;316;335;355
10
80
84;8;90;14
0;0;350;700
82
1175.0
11;12;13;5;6;7;9;10;81;82;83;86;87;88;89;161;162;163;193;194;195;196;228;229;230;263;264;265;295;296;316;335;355
11
159
160
0
593
1120.0

12
159
160
0
44
1035.0

13
159
160
0
59
1130.0

14
159
160
0
38
1130.0

15
159
162;264;11;232;93;199
0;0;13;350;363;700
262
1255.0
12;13;14;15;16;6;7;8;9;10;90;91;92;94;87;88;89;160;161;163;164;195;196;197;198;230;231;233;262;263;265;266;294;295;296;316;317;336;337;355;356;357
16
159
196;164;266;234;201
0;34;34;384;734
9
1060.0
11;12;13;14;15;16;17;18;6;7;8;9;10;90;91;92;93;94;95;96;87;88;89;160;161;162;163;165;195;197;198;199;200;230;231;232;233;262;263;264;265;294;295;296;316;317;336;337;338;355;356;357
17
159
196;164;266;234;201
0;34;34;384;734
41
1090.0
11;12;13;14;15;16;17;18;6;7;8;9;10;90;91;92;93;94;95;96;87;88;89;160;161;162;163;165;195;197;198;199;200;230;231;232;233;262;263;264;265;294;295;296;316;317;336;337;338;355;356;357
18
159
196;164;266;234;201
0;34;34;384;734
28
1090.0
11;12;13;14;15;16;17;18;6;7;8;9;10;90;91;92;93;94;95;96;87;88;89;160;161;162;163;165;195;197;198;199;200;230;231;232;233;262;263;264;265;294;295;296;316;317;336;337;338;355;356;357
19
192
194;162;87;264;11;232
0;0;13;350;363;700
262
1255.0
12;6;7;8;9;10;90;91;92;86;88;89;161;163;164;193;195;196;230;231;263;265;296;316;336;355;356
20
192
196;164;266;234
0;0;350;700
9
1060.0
11;12;13;14;6;7;8;9;10;90;91;92;93;94;86;87;88;89;161;162;163;193;194;195;197;230;231;232;233;263;264;265;296;316;336;355;356;357
21
192
196;164;266;234
0;0;350;700
41
1090.0
11;12;13;14;6;7;8;9;10;90;91;92;93;94;86;87;88;89;161;162;163;193;194;195;197;230;231;232;233;263;264;265;296;316;336;355;356;357
22
192
196;164;266;234
0;0;350;700
28
1090.0
11;12;13;14;6;7;8;9;10;90;91;92;93;94;86;87;88;89;161;162;163;193;194;195;197;230;231;232;233;263;264;265;296;316;336;355;356;357
23
192
230;197;165;267;235
0;34;34;384;734
44
1035.0
11;12;13;14;15;16;6;7;8;9;10;90;91;92;93;94;95;86;87;88;89;161;162;163;164;193;194;195;196;198;199;231;232;233;234;263;264;265;266;296;316;317;336;337;355;356;357
24
192
230;197;165;267;235
0;34;34;384;734
59
1130.0
11;12;13;14;15;16;6;7;8;9;10;90;91;92;93;94;95;86;87;88;89;161;162;163;164;193;194;195;196;198;199;231;232;233;234;263;264;265;266;296;316;317;336;337;355;356;357
25
192
230;197;165;267;235
0;34;34;384;734
38
1130.0
11;12;13;14;15;16;6;7;8;9;10;90;91;92;93;94;95;86;87;88;89;161;162;163;164;193;194;195;196;198;199;231;232;233;234;263;264;265;266;296;316;317;336;337;355;356;357
26
226
227
0
262
1255.0

27
226
229;196;164;266
0;0;350;700
9
1060.0
11;12;5;6;7;8;9;10;90;83;84;85;86;87;88;89;161;162;163;193;194;195;227;228;230;262;263;264;265;295;296;316;335;355
28
226
229;196;164;266
0;0;350;700
41
1090.0
11;12;5;6;7;8;9;10;90;83;84;85;86;87;88;89;161;162;163;193;194;195;227;228;230;262;263;264;265;295;296;316;335;355
29
226
229;196;164;266
0;0;350;700
28
1090.0
11;12;5;6;7;8;9;10;90;83;84;85;86;87;88;89;161;162;163;193;194;195;227;228;230;262;263;264;265;295;296;316;335;355
30
226
262;230;197;165;267
0;34;34;384;734
44
1035.0
11;12;13;5;6;7;8;9;10;90;91;92;83;84;85;86;87;88;89;161;162;163;164;193;194;195;196;227;228;229;231;232;263;264;265;266;295;296;316;335;336;355;356
31
226
262;230;197;165;267
0;34;34;384;734
59
1130.0
11;12;13;5;6;7;8;9;10;90;91;92;83;84;85;86;87;88;89;161;162;163;164;193;194;195;196;227;228;229;231;232;263;264;265;266;295;296;316;335;336;355;356
32
226
262;230;197;165;267
0;34;34;384;734
38
1130.0
11;12;13;5;6;7;8;9;10;90;91;92;83;84;85;86;87;88;89;161;162;163;164;193;194;195;196;227;228;229;231;232;263;264;265;266;295;296;316;335;336;355;356
33
260
261
0
291
1095.0

34
260
261
0
9
1060.0

35
260
261
0
41
1090.0

36
260
261
0
28
1090.0

37
260
262;230;197;165
0;0;350;700
593
1120.0
6;7;8;9;10;85;86;87;88;89;161;162;163;164;193;194;195;196;229;261;263;264;316;335;355
38
260
262;230;197;165
0;0;350;700
44
1035.0
6;7;8;9;10;85;86;87;88;89;161;162;163;164;193;194;195;196;229;261;263;264;316;335;355
39
260
262;230;197;165
0;0;350;700
59
1130.0
6;7;8;9;10;85;86;87;88;89;161;162;163;164;193;194;195;196;229;261;263;264;316;335;355
40
260
262;230;197;165
0;0;350;700
38
1130.0
6;7;8;9;10;85;86;87;88;89;161;162;163;164;193;194;195;196;229;261;263;264;316;335;355
41
293
294
0
22
1025.0

42
293
294
0
38
1060.0

43
293
294
0
21
1060.0

44
293
295;356;337;318
0;0;350;700
43
1120.0
11;12;9;10;90;91;87;88;89;161;162;163;197;263;264;265;294;296;316;317;336;355
45
293
295;356;337;318
0;0;350;700
409
1120.0
11;12;9;10;90;91;87;88;89;161;162;163;197;263;264;265;294;296;316;317;336;355
46
293
295;356;337;318
0;0;350;700
19
1130.0
11;12;9;10;90;91;87;88;89;161;162;163;197;263;264;265;294;296;316;317;336;355
47
314
315
0
43
1120.0

48
314
315
0
409
1120.0

49
314
315
0
19
1130.0

50
314
336;317;297;358;339
0;34;34;384;734
22
1025.0
11;12;13;14;15;16;17;18;9;10;90;91;92;93;94;95;96;97;98;87;88;89;161;162;163;164;165;166;197;198;199;200;231;232;233;234;235;263;264;265;266;267;295;296;315;316;318;337;338;356;357
51
314
336;317;297;358;339
0;34;34;384;734
38
1060.0
11;12;13;14;15;16;17;18;9;10;90;91;92;93;94;95;96;97;98;87;88;89;161;162;163;164;165;166;197;198;199;200;231;232;233;234;235;263;264;265;266;267;295;296;315;316;318;337;338;356;357
52
314
336;317;297;358;339
0;34;34;384;734
21
1060.0
11;12;13;14;15;16;17;18;9;10;90;91;92;93;94;95;96;97;98;87;88;89;161;162;163;164;165;166;197;198;199;200;231;232;233;234;235;263;264;265;266;267;295;296;315;316;318;337;338;356;357
53
334
336;317;297;358
0;0;350;700
22
1025.0
11;12;13;14;15;16;7;8;9;10;90;91;92;93;94;88;89;161;162;163;164;165;195;196;197;198;231;232;233;263;264;265;266;267;296;316;335;337;356;357
54
334
336;317;297;358
0;0;350;700
38
1060.0
11;12;13;14;15;16;7;8;9;10;90;91;92;93;94;88;89;161;162;163;164;165;195;196;197;198;231;232;233;263;264;265;266;267;296;316;335;337;356;357
55
334
336;317;297;358
0;0;350;700
21
1060.0
11;12;13;14;15;16;7;8;9;10;90;91;92;93;94;88;89;161;162;163;164;165;195;196;197;198;231;232;233;263;264;265;266;267;296;316;335;337;356;357
56
334
356;337;318;298;359
0;34;34;384;734
43
1120.0
11;12;13;14;15;16;17;18;7;8;9;10;90;91;92;93;94;95;96;97;88;89;161;162;163;164;165;195;196;197;198;199;200;231;232;233;263;264;265;266;267;296;297;316;317;335;336;338;357;358
57
334
356;337;318;298;359
0;34;34;384;734
409
1120.0
11;12;13;14;15;16;17;18;7;8;9;10;90;91;92;93;94;95;96;97;88;89;161;162;163;164;165;195;196;197;198;199;200;231;232;233;263;264;265;266;267;296;297;316;317;335;336;338;357;358
58
334
356;337;318;298;359
0;34;34;384;734
19
1130.0
11;12;13;14;15;16;17;18;7;8;9;10;90;91;92;93;94;95;96;97;88;89;161;162;163;164;165;195;196;197;198;199;200;231;232;233;263;264;265;266;267;296;297;316;317;335;336;338;357;358
59
354
355
0
22
1025.0

60
354
355
0
38
1060.0

61
354
355
0
21
1060.0

62
354
356;337;318;298
0;0;350;700
43
1120.0
11;12;13;14;15;91;92;93;94;165;231;232;233;263;264;265;296;297;317;336;355;357
63
354
356;337;318;298
0;0;350;700
409
1120.0
11;12;13;14;15;91;92;93;94;165;231;232;233;263;264;265;296;297;317;336;355;357
64
354
356;337;318;298
0;0;350;700
19
1130.0
11;12;13;14;15;91;92;93;94;165;231;232;233;263;264;265;296;297;317;336;355;357
65
160;262;230
8;90;14
0;34;34
224
1305.0
11;12;13;6;7;9;10;87;88;89;161;162;163;195;196;263;264;265;294;295;296;316;355
66
160;262;230
7;89;13
0;34;34
208
1345.0
11;12;6;8;9;10;87;88;161;162;163;195;196;263;264;265;294;295;296;316;355
67
81;194;5;162;87;264;11
295;356;337;318
0;35;69;69
44
1120.0
12;6;7;8;9;10;90;91;82;83;84;85;86;88;89;161;163;193;195;196;197;228;229;230;263;265;296;316;317;335;336;355
68
81;194;5
84;8
0;0
47
210.0
6;7;82;83;193;195;228;335
69
81;194;5
83;7
0;0
31
360.0
6;82;193;195;228;335
70
81;5
82;6
0;0
231
205.0

71
227;194;5;162
262;230;197
0;34;34
582
1120.0
6;7;83;84;85;86;161;193;195;196;228;229;335
72
227;194;5;162;87;264;11
295;356;337;318
0;35;69;69
400
1120.0
12;6;7;8;9;10;90;91;83;84;85;86;88;89;161;163;193;195;196;197;228;229;230;262;263;265;296;316;317;335;336;355
73
227;194;5
228;6;195
0;0;0
2323
205.0

74
227;194;5
229;196
0;0
290
1095.0
6;83;84;193;195;228;335
75
294;355;336;317
90;14;96;20
0;35;69;69
81
1175.0
11;12;13;15;16;17;18;19;9;10;91;92;93;94;95;87;88;89;161;162;163;164;165;197;198;199;200;231;232;233;263;264;265;266;295;296;316;337;338;356;357
76
2;84;8
230;197;165
0;34;34
40
1035.0
3;4;5;6;7;9;10;85;86;87;88;89;161;162;163;164;193;194;195;196;229;263;264;295;316;335;355
77
2;84
5;162;87
0;0;0
38
200.0
3;4;6;85;86;161;193;194;195;229;335
78
2;84;8;90
355;336;317;297
0;35;69;69
24
1025.0
11;12;3;4;5;6;7;9;10;91;92;85;86;87;88;89;161;162;163;164;165;193;194;195;196;197;229;230;231;263;264;265;295;296;316;335;356
79
2;84;8
229;196;164
0;34;34
9
1060.0
3;4;5;6;7;85;86;87;88;161;162;163;193;194;195;316;335
80
4;86;10
230;197;165
0;34;34
54
1130.0
5;6;7;8;9;87;88;89;161;162;163;164;193;194;195;196;263;264;316;335;355
81
4;86
5;162;87
0;0;0
59
260.0
6;161;193;194;195;335
82
4;86;10;92
355;336;317;297
0;35;69;69
35
1060.0
11;12;5;6;7;8;9;90;91;87;88;89;161;162;163;164;165;193;194;195;196;197;230;231;263;264;265;296;316;335;356
83
4;86
196;164
0;0
36
1090.0
5;6;7;8;87;88;161;162;163;193;194;195;316;335
84
3;85;9
230;197;165
0;34;34
35
1130.0
4;5;6;7;8;10;86;87;88;89;161;162;163;164;193;194;195;196;263;264;295;316;335;355
85
3;85;9;91;15;97
295;356;337;318;298;359
0;35;70;104;104;454
17
1130.0
11;12;13;14;16;17;18;4;5;6;7;8;10;90;92;93;94;95;96;86;87;88;89;161;162;163;164;165;193;194;195;196;197;198;199;200;230;231;232;233;263;264;265;266;267;296;297;316;317;335;336;338;355;357;358
86
3;85
5;162;87
0;0;0
41
260.0
4;6;86;161;193;194;195;335
87
3;85;9;91
355;336;317;297
0;35;69;69
22
1060.0
11;12;4;5;6;7;8;10;92;86;87;88;89;161;162;163;164;165;193;194;195;196;197;230;231;263;264;265;295;296;316;335;356
88
3;85
196;164
0;0
28
1090.0
4;5;6;7;8;86;87;88;161;162;163;193;194;195;316;335
89
261;229;196;164
194;162;87;264;232;93
0;35;36;69;69;82
270
1255.0
11;12;6;7;8;9;10;90;91;92;85;86;88;89;161;163;193;195;230;231;262;263;265;296;316;335;336;355;356
90
261;229;196;164
8;90;14;96
0;35;69;69
68
1255.0
11;12;13;6;7;9;10;91;92;93;94;95;85;86;87;88;89;161;162;163;193;194;195;197;230;231;232;233;262;263;264;265;296;316;335;336;355;356;357
91
262;230;197
90;14;96
0;34;34
244
1305.0
11;12;13;91;92;93;94;95;88;89;163;164;231;232;233;263;264;265;296;336;355;356;357
92
262;230;197
89;13;95
0;34;34
204
1345.0
11;12;90;91;92;93;94;88;163;164;231;232;233;263;264;265;296;336;355;356;357
93
5;162;87;264;11;232;93
356;337;318;298
0;35;69;69
42
1120.0
12;13;14;15;6;7;8;9;10;90;91;92;94;88;89;161;163;164;165;195;196;197;231;233;263;265;296;297;316;317;336;357
94
5;162;87
8;90
0;0
46
210.0
6;7;88;89;161;163;195;316
95
5;162;87
7;89
0;0
32
360.0
6;88;161;163;195;316
96
5;87
6;88
0;0
244
205.0

97
194;162;87;264
230;197;165
0;34;34
581
1120.0
7;8;9;10;88;89;161;163;164;195;196;263;316
98
194;162;87;264;11;232;93
356;337;318;298
0;35;69;69
403
1120.0
12;13;14;15;7;8;9;10;90;91;92;94;88;89;161;163;164;165;195;196;197;230;231;233;263;265;296;297;316;317;336;357
99
194;162;87
195;88;163
0;0;0
2337
205.0

100
194;162;87
196;164
0;0
299
1095.0
7;8;88;161;163;195;316
101
355;336;317;297
14;96;20;102
0;35;69;69
87
1175.0
11;12;13;15;16;17;18;19;91;92;93;94;95;97;98;99;100;101;165;166;167;168;198;199;200;231;232;233;234;263;264;265;266;267;296;318;319;337;338;356;357
102
84;8;90
197;165;267
0;34;34
43
1035.0
11;12;13;9;10;91;92;85;86;87;88;89;161;162;163;164;196;231;232;263;264;265;266;296;316;336;356
103
84;8
87;264;11
0;0;0
37
200.0
9;10;85;86;88;161;162;163;196;263;316
104
84;8;90;14
336;317;297;358
0;35;69;69
22
1025.0
11;12;13;15;16;9;10;91;92;93;94;85;86;87;88;89;161;162;163;164;165;196;197;198;231;232;233;263;264;265;266;267;296;316;337;356;357
105
84;8;90
196;164;266
0;34;34
9
1060.0
11;12;9;10;85;86;87;88;89;161;162;163;263;264;265;296;316
106
86;10;92
197;165;267
0;34;34
58
1130.0
11;12;13;90;91;87;88;89;161;162;163;164;231;232;263;264;265;266;296;316;336
107
86;10
87;264;11
0;0;0
68
260.0
88;161;162;163;263;316
108
86;10;92;16
336;317;297;358
0;35;69;69
39
1060.0
11;12;13;14;15;90;91;93;94;87;88;89;161;162;163;164;165;197;198;231;232;233;263;264;265;266;267;296;316;337;357
109
86;10
164;266
0;0
44
1090.0
11;12;90;87;88;89;161;162;163;263;264;265;296;316
110
85;9;91
197;165;267
0;34;34
34
1130.0
11;12;13;10;90;92;86;87;88;89;161;162;163;164;231;232;263;264;265;266;296;316;336;356
111
85;9;91;15;97;21
356;337;318;298;359;340
0;35;70;104;104;454
18
1130.0
11;12;13;14;16;17;18;19;20;10;90;92;93;94;95;96;98;99;100;86;87;88;89;161;162;163;164;165;166;167;168;197;198;199;200;231;232;233;234;235;263;264;265;266;267;296;297;316;317;319;336;338;339;357;358
112
85;9
87;264;11
0;0;0
39
260.0
10;86;88;161;162;163;263;316
113
85;9;91;15
336;317;297;358
0;35;69;69
21
1060.0
11;12;13;16;10;90;92;93;94;86;87;88;89;161;162;163;164;165;197;198;231;232;233;263;264;265;266;267;296;316;337;356;357
114
85;9
164;266
0;0
30
1090.0
11;12;10;90;86;87;88;89;161;162;163;263;264;265;296;316
115
229;196;164;266
162;264;11;232;199;17
0;35;36;69;69;82
262
1255.0
12;13;14;15;16;9;10;90;91;92;93;94;88;89;161;163;197;198;230;231;233;263;265;296;316;317;336;337;357
116
229;196;164;266
90;14;96;20
0;35;69;69
71
1255.0
11;12;13;15;16;17;18;19;9;10;91;92;93;94;95;88;89;161;162;163;165;197;198;199;200;230;231;232;233;263;264;265;296;316;317;336;337;338;357
117
230;197;165
14;96;20
0;34;34
226
1305.0
12;13;15;16;17;18;19;93;94;95;198;199;200;231;232;233;265;266;317;336;337;338;357
118
230;197;165
13;95;19
0;34;34
211
1345.0
12;14;15;16;17;18;93;94;198;199;200;231;232;233;265;266;317;336;337;338;357
119
87;264;11;232;93;199;17
337;318;298;359
0;35;69;69
43
1120.0
12;13;14;15;16;18;90;91;92;94;95;96;97;88;89;163;164;165;198;200;231;233;263;265;266;267;296;297;317;338;357;358
120
87;264;11
90;14
0;0
45
210.0
12;13;88;89;163;263;265;296
121
87;264;11
89;13
0;0
32
360.0
12;88;163;263;265;296
122
87;11
88;12
0;0
248
205.0

123
162;264;11;232
197;165;267
0;34;34
583
1120.0
12;13;90;91;92;89;163;164;231;263;265;266;296
124
162;264;11;232;93;199;17
337;318;298;359
0;35;69;69
416
1120.0
12;13;14;15;16;18;90;91;92;94;95;96;97;89;163;164;165;197;198;200;231;233;263;265;266;267;296;297;317;338;357;358
125
162;264;11
163;12;265
0;0;0
2302
205.0

126
162;264;11
164;266
0;0
281
1095.0
12;90;89;163;263;265;296
127
336;317;297;358
96;20;102;26
0;35;69;69
88
1175.0
15;16;17;18;19;21;22;23;24;25;93;94;95;97;98;99;100;101;166;167;168;198;199;200;201;231;232;233;234;235;270;267;268;269;298;299;318;319;337;338;357
128
8;90;14
165;267;235
0;34;34
46
1035.0
11;12;13;15;16;9;10;91;92;93;94;95;164;198;199;231;232;233;234;263;264;265;266;296;317;337;357
129
8;90
11;232;93
0;0;0
41
200.0
12;9;10;91;92;164;231;263;264;265;296
130
8;90;14;96
317;297;358;339
0;35;69;69
20
1025.0
11;12;13;15;16;17;18;9;10;91;92;93;94;95;97;98;164;165;166;198;199;200;231;232;233;234;235;263;264;265;266;267;296;318;337;338;357
131
8;90;14
164;266;234
0;34;34
8
1060.0
11;12;13;9;10;91;92;93;94;231;232;233;263;264;265;296;357
132
10;92;16
165;267;235
0;34;34
60
1130.0
11;12;13;14;15;93;94;95;198;199;231;232;233;234;263;264;265;266;296;317;357
133
10;92
11;232;93
0;0;0
64
260.0
12;231;263;264;265;296
134
10;92;16;98
317;297;358;339
0;35;69;69
41
1060.0
11;12;13;14;15;17;18;93;94;95;96;97;165;166;198;199;200;231;232;233;234;235;263;264;265;266;267;296;318;338;357
135
10;92
266;234
0;0
37
1090.0
11;12;13;14;93;94;231;232;233;263;264;265;296;357
136
9;91;15
165;267;235
0;34;34
39
1130.0
11;12;13;14;16;10;92;93;94;95;198;199;231;232;233;234;263;264;265;266;296;317;337;357
137
9;91;15;97;21;103
337;318;298;359;340;321
0;35;70;104;104;454
19
1130.0
11;12;13;14;16;17;18;19;20;22;23;24;10;92;93;94;95;96;98;99;100;101;102;165;166;167;168;202;198;199;200;201;231;232;233;234;235;270;263;264;265;266;267;268;269;296;297;299;317;319;320;338;339;357;358
138
9;91
11;232;93
0;0;0
36
260.0
12;10;92;231;263;264;265;296
139
9;91;15;97
317;297;358;339
0;35;69;69
23
1060.0
11;12;13;14;16;17;18;10;92;93;94;95;98;165;166;198;199;200;231;232;233;234;235;263;264;265;266;267;296;318;337;338;357
140
9;91
266;234
0;0
31
1090.0
11;12;13;14;10;92;93;94;231;232;233;263;264;265;296;357
141
196;164;266;234
264;232;93;199;167;99
0;35;36;69;69;82
264
1255.0
12;13;14;15;16;17;18;91;92;94;95;96;97;98;165;166;197;198;200;231;233;263;265;296;297;317;318;338;357
142
196;164;266;234
14;96;20;102
0;35;69;69
63
1255.0
12;13;15;16;17;18;19;91;92;93;94;95;97;98;99;100;101;165;166;167;168;197;198;199;200;231;232;233;263;264;265;267;296;297;317;318;319;338;357
143
197;165;267
96;20;102
0;34;34
227
1305.0
17;18;19;94;95;97;98;99;100;101;166;167;168;198;199;200;233;234;297;317;318;319;338
144
197;165;267
95;19;101
0;34;34
211
1345.0
17;18;94;96;97;98;99;100;166;167;168;198;199;200;233;234;297;317;318;319;338
145
11;232;93;199;17;167;99
318;298;359;340
0;35;69;69
45
1120.0
12;13;14;15;16;18;19;20;21;94;95;96;97;98;100;166;168;198;200;231;233;234;235;265;266;267;297;319;338;339;357;358
146
11;232;93
14;96
0;0
43
210.0
12;13;94;95;231;233;265;357
147
11;232;93
13;95
0;0
29
360.0
12;94;231;233;265;357
148
11;93
12;94
0;0
244
205.0

149
264;232;93;199
165;267;235
0;34;34
591
1120.0
13;14;15;16;94;95;198;231;233;234;265;266;357
150
264;232;93;199;17;167;99
318;298;359;340
0;35;69;69
418
1120.0
13;14;15;16;18;19;20;21;94;95;96;97;98;100;165;166;168;198;200;231;233;234;235;265;266;267;297;319;338;339;357;358
151
264;232;93
265;94;233
0;0;0
2314
205.0

152
264;232;93
266;234
0;0
289
1095.0
13;14;94;231;233;265;357
153
317;297;358;339
20;102;26;108
0;35;69;69
88
1175.0
17;18;19;21;22;23;24;25;97;98;99;100;101;103;104;105;106;107;169;166;167;168;202;198;199;200;201;236;237;238;235;270;268;269;298;299;318;319;338;359;360
154
90;14;96
267;235;202
0;34;34
40
1035.0
15;16;17;18;19;91;92;93;94;95;97;98;166;167;198;199;200;201;231;232;233;234;266;297;318;338;357
155
90;14
93;199;17
0;0;0
42
200.0
15;16;91;92;94;198;231;232;233;266;357
156
90;14;96;20
297;358;339;320
0;35;69;69
24
1025.0
15;16;17;18;19;21;22;91;92;93;94;95;97;98;99;100;166;167;168;202;198;199;200;201;231;232;233;234;235;266;267;268;298;318;319;338;357
157
90;14;96
266;234;201
0;34;34
9
1060.0
15;16;17;18;91;92;93;94;95;198;199;200;231;232;233;338;357
158
92;16;98
267;235;202
0;34;34
56
1130.0
17;18;19;93;94;95;96;97;166;167;198;199;200;201;231;232;233;234;297;338;357
159
92;16
93;199;17
0;0;0
68
260.0
94;198;231;232;233;357
160
92;16;98;22
297;358;339;320
0;35;69;69
40
1060.0
17;18;19;20;21;93;94;95;96;97;99;100;166;167;168;202;198;199;200;201;231;232;233;234;235;267;268;298;319;338;357
161
92;16
234;201
0;0
35
1090.0
17;18;93;94;95;96;198;199;200;231;232;233;338;357
162
91;15;97
267;235;202
0;34;34
37
1130.0
16;17;18;19;92;93;94;95;96;98;166;167;198;199;200;201;231;232;233;234;297;318;338;357
163
91;15;97;21;103;27
318;298;359;340;321;301
0;35;70;104;104;454
19
1130.0
16;17;18;19;20;22;23;24;25;26;92;93;94;95;96;98;99;100;101;102;104;105;106;169;170;166;167;168;202;198;199;200;201;236;237;238;231;232;233;234;235;270;267;268;269;297;299;300;319;320;338;339;357;358;360
164
91;15
93;199;17
0;0;0
37
260.0
16;92;94;198;231;232;233;357
165
91;15;97;21
297;358;339;320
0;35;69;69
20
1060.0
16;17;18;19;22;92;93;94;95;96;98;99;100;166;167;168;202;198;199;200;201;231;232;233;234;235;267;268;298;318;319;338;357
166
91;15
234;201
0;0
28
1090.0
16;17;18;92;93;94;95;96;198;199;200;231;232;233;338;357
167
164;266;234;201
232;199;17;167;269;23
0;35;36;69;69;82
258
1255.0
15;16;18;19;20;21;22;94;95;96;97;98;99;100;165;166;168;198;200;231;233;267;268;297;298;319;338;357;358
168
164;266;234;201
96;20;102;26
0;35;69;69
70
1255.0
15;16;17;18;19;21;22;23;24;25;94;95;97;98;99;100;101;165;166;167;168;198;199;200;231;232;233;235;270;267;268;269;297;298;299;319;338;357;358
169
165;267;235
20;102;26
0;34;34
235
1305.0
18;19;21;22;23;24;25;99;100;101;166;167;168;200;201;270;268;269;297;298;299;319;358
170
165;267;235
19;101;25
0;34;34
218
1345.0
18;20;21;22;23;24;99;100;166;167;168;200;201;270;268;269;297;298;299;319;358
171
93;199;17;167;99;269;23
298;359;340;321
0;35;69;69
45
1120.0
18;19;20;21;22;24;94;95;96;97;98;100;101;102;103;166;168;202;198;200;201;233;234;235;270;268;299;319;320;338;339;358
172
93;199;17
96;20
0;0
43
210.0
18;19;94;95;198;200;233;338
173
93;199;17
95;19
0;0
30
360.0
18;94;198;200;233;338
174
93;17
94;18
0;0
236
205.0

175
232;199;17;167
267;235;202
0;34;34
597
1120.0
18;19;95;96;97;98;166;198;200;201;233;234;338
176
232;199;17;167;99;269;23
298;359;340;321
0;35;69;69
399
1120.0
18;19;20;21;22;24;95;96;97;98;100;101;102;103;166;168;202;198;200;201;233;234;235;270;267;268;299;319;320;338;339;358
177
232;199;17
233;18;200
0;0;0
2329
205.0

178
232;199;17
234;201
0;0
287
1095.0
18;95;96;198;200;233;338
179
297;358;339;320
102;26;108;32
0;35;69;69
84
1175.0
21;22;23;24;25;27;28;29;30;31;99;100;101;103;104;105;106;107;169;170;166;167;168;202;203;204;205;236;237;238;270;271;268;269;298;299;319;340;341;359;360
180
14;96;20
235;202;170
0;34;34
45
1035.0
15;16;17;18;19;21;22;97;98;99;100;101;169;166;167;168;198;199;200;201;234;268;269;298;319;338;358
181
14;96
17;167;99
0;0;0
37
200.0
15;16;18;97;98;166;198;199;200;234;338
182
14;96;20;102
358;339;320;300
0;35;69;69
19
1025.0
15;16;17;18;19;21;22;23;24;97;98;99;100;101;103;104;169;170;166;167;168;202;198;199;200;201;236;234;235;270;268;269;298;299;319;338;359
183
14;96;20
234;201;169
0;34;34
9
1060.0
15;16;17;18;19;97;98;99;100;166;167;168;198;199;200;319;338
184
16;98;22
235;202;170
0;34;34
55
1130.0
17;18;19;20;21;99;100;101;169;166;167;168;198;199;200;201;268;269;319;338;358
185
16;98
17;167;99
0;0;0
67
260.0
18;166;198;199;200;338
186
16;98;22;104
358;339;320;300
0;35;69;69
40
1060.0
17;18;19;20;21;23;24;99;100;101;102;103;169;170;166;167;168;202;198;199;200;201;236;235;270;268;269;299;319;338;359
187
16;98
201;169
0;0
40
1090.0
17;18;19;20;99;100;166;167;168;198;199;200;319;338
188
15;97;21
235;202;170
0;34;34
39
1130.0
16;17;18;19;20;22;98;99;100;101;169;166;167;168;198;199;200;201;268;269;298;319;338;358
189
15;97;21;103;27;109
298;359;340;321;301;362
0;35;70;104;104;454
19
1130.0
16;17;18;19;20;22;23;24;25;26;28;29;30;98;99;100;101;102;104;105;106;107;108;169;170;166;167;168;202;203;204;205;198;199;200;201;236;237;238;235;270;271;272;268;269;299;300;319;320;338;339;341;358;360;361
190
15;97
17;167;99
0;0;0
39
260.0
16;18;98;166;198;199;200;338
191
15;97;21;103
358;339;320;300
0;35;69;69
19
1060.0
16;17;18;19;20;22;23;24;98;99;100;101;104;169;170;166;167;168;202;198;199;200;201;236;235;270;268;269;298;299;319;338;359
192
15;97
201;169
0;0
29
1090.0
16;17;18;19;20;98;99;100;166;167;168;198;199;200;319;338
193
266;234;201;169
199;167;99;269;237;105
0;35;36;69;69;82
262
1255.0
18;19;20;21;22;23;24;97;98;100;101;102;103;104;166;168;198;200;236;235;270;267;268;299;319;338;339;358;359
194
266;234;201;169
20;102;26;108
0;35;69;69
70
1255.0
18;19;21;22;23;24;25;97;98;99;100;101;103;104;105;106;107;166;167;168;202;198;199;200;236;237;238;235;270;267;268;269;299;319;338;339;358;359;360
195
267;235;202
102;26;108
0;34;34
220
1305.0
23;24;25;100;101;103;104;105;106;107;169;168;236;237;238;270;268;269;299;339;358;359;360
196
267;235;202
101;25;107
0;34;34
213
1345.0
23;24;100;102;103;104;105;106;169;168;236;237;238;270;268;269;299;339;358;359;360
197
17;167;99;269;23;237;105
359;340;321;301
0;35;69;69
48
1120.0
18;19;20;21;22;24;25;26;27;100;101;102;103;104;106;169;170;166;168;202;200;201;236;238;270;268;299;300;319;320;339;360
198
17;167;99
20;102
0;0
43
210.0
18;19;100;101;166;168;200;319
199
17;167;99
19;101
0;0
27
360.0
18;100;166;168;200;319
200
17;99
18;100
0;0
231
205.0

201
199;167;99;269
235;202;170
0;34;34
589
1120.0
19;20;21;22;100;101;169;166;168;200;201;268;319
202
199;167;99;269;23;237;105
359;340;321;301
0;35;69;69
418
1120.0
19;20;21;22;24;25;26;27;100;101;102;103;104;106;169;170;166;168;202;200;201;236;238;235;270;268;299;300;319;320;339;360
203
199;167;99
200;100;168
0;0;0
2338
205.0

204
199;167;99
201;169
0;0
286
1095.0
19;20;100;166;168;200;319
205
358;339;320;300
26;108;32;114
0;35;69;69
79
1175.0
23;24;25;27;28;29;30;31;103;104;105;106;107;109;110;111;112;113;170;171;172;173;203;204;205;236;237;238;239;270;271;272;268;269;299;321;322;340;341;359;360
206
96;20;102
202;170;272
0;34;34
46
1035.0
21;22;23;24;25;97;98;99;100;101;103;104;169;166;167;168;201;236;237;270;271;268;269;299;319;339;359
207
96;20
99;269;23
0;0;0
35
200.0
21;22;97;98;100;166;167;168;201;268;319
208
96;20;102;26
339;320;300;361
0;35;69;69
19
1025.0
21;22;23;24;25;27;28;97;98;99;100;101;103;104;105;106;169;170;166;167;168;202;203;201;236;237;238;270;271;272;268;269;299;319;340;359;360
209
96;20;102
201;169;271
0;34;34
8
1060.0
21;22;23;24;97;98;99;100;101;166;167;168;270;268;269;299;319
210
98;22;104
202;170;272
0;34;34
54
1130.0
23;24;25;99;100;101;102;103;169;166;167;168;236;237;270;271;268;269;299;319;339
211
98;22
99;269;23
0;0;0
64
260.0
100;166;167;168;268;319
212
98;22;104;28
339;320;300;361
0;35;69;69
35
1060.0
23;24;25;26;27;99;100;101;102;103;105;106;169;170;166;167;168;202;203;236;237;238;270;271;272;268;269;299;319;340;360
213
98;22
169;271
0;0
43
1090.0
23;24;99;100;101;102;166;167;168;270;268;269;299;319
214
97;21;103
202;170;272
0;34;34
38
1130.0
22;23;24;25;98;99;100;101;102;104;169;166;167;168;236;237;270;271;268;269;299;319;339;359
215
97;21;103;27;109;33
359;340;321;301;362;343
0;35;70;104;104;454
17
1130.0
22;23;24;25;26;28;29;30;31;32;98;99;100;101;102;104;105;106;107;108;110;111;112;169;170;171;172;173;166;167;168;202;203;204;205;236;237;238;239;240;270;271;272;268;269;299;300;319;320;322;339;341;342;360;361
216
97;21
99;269;23
0;0;0
41
260.0
22;98;100;166;167;168;268;319
217
97;21;103;27
339;320;300;361
0;35;69;69
19
1060.0
22;23;24;25;28;98;99;100;101;102;104;105;106;169;170;166;167;168;202;203;236;237;238;270;271;272;268;269;299;319;340;359;360
218
97;21
169;271
0;0
30
1090.0
22;23;24;98;99;100;101;102;166;167;168;270;268;269;299;319
219
234;201;169;271
167;269;23;237;204;29
0;35;36;69;69;82
254
1255.0
21;22;24;25;26;27;28;100;101;102;103;104;105;106;166;168;202;203;236;238;235;270;268;299;319;320;339;340;360
220
234;201;169;271
102;26;108;32
0;35;69;69
64
1255.0
21;22;23;24;25;27;28;29;30;31;100;101;103;104;105;106;107;170;166;167;168;202;203;204;205;236;237;238;235;270;268;269;299;319;320;339;340;341;360
221
235;202;170
26;108;32
0;34;34
234
1305.0
24;25;27;28;29;30;31;105;106;107;203;204;205;236;237;238;270;271;320;339;340;341;360
222
235;202;170
25;107;31
0;34;34
199
1345.0
24;26;27;28;29;30;105;106;203;204;205;236;237;238;270;271;320;339;340;341;360
223
99;269;23;237;105;204;29
340;321;301;362
0;35;69;69
45
1120.0
24;25;26;27;28;30;100;101;102;103;104;106;107;108;109;169;170;168;203;205;236;238;270;271;272;268;299;300;320;341;360;361
224
99;269;23
102;26
0;0
48
210.0
24;25;100;101;168;270;268;299
225
99;269;23
101;25
0;0
31
360.0
24;100;168;270;268;299
226
99;23
100;24
0;0
229
205.0

227
167;269;23;237
202;170;272
0;34;34
584
1120.0
24;25;101;102;103;104;169;168;236;270;271;268;299
228
167;269;23;237;105;204;29
340;321;301;362
0;35;69;69
420
1120.0
24;25;26;27;28;30;101;102;103;104;106;107;108;109;169;170;168;202;203;205;236;238;270;271;272;268;299;300;320;341;360;361
229
167;269;23
168;24;270
0;0;0
2284
205.0

230
167;269;23
169;271
0;0
277
1095.0
24;101;102;168;270;268;299
231
339;320;300;361
108;32;114;38
0;35;69;69
79
1175.0
27;28;29;30;31;33;34;35;36;37;105;106;107;109;110;111;112;113;171;172;173;203;204;205;206;236;237;238;239;240;272;273;274;275;301;302;321;322;340;341;360
232
20;102;26
170;272;240
0;34;34
43
1035.0
21;22;23;24;25;27;28;103;104;105;106;107;169;203;204;236;237;238;239;270;271;268;269;299;320;340;360
233
20;102
23;237;105
0;0;0
35
200.0
21;22;24;103;104;169;236;270;268;269;299
234
20;102;26;108
320;300;361;342
0;35;69;69
19
1025.0
21;22;23;24;25;27;28;29;30;103;104;105;106;107;109;110;169;170;171;203;204;205;236;237;238;239;240;270;271;272;268;269;299;321;340;341;360
235
20;102;26
169;271;239
0;34;34
9
1060.0
21;22;23;24;25;103;104;105;106;236;237;238;270;268;269;299;360
236
22;104;28
170;272;240
0;34;34
55
1130.0
23;24;25;26;27;105;106;107;203;204;236;237;238;239;270;271;268;269;299;320;360
237
22;104
23;237;105
0;0;0
67
260.0
24;236;270;268;269;299
238
22;104;28;110
320;300;361;342
0;35;69;69
39
1060.0
23;24;25;26;27;29;30;105;106;107;108;109;170;171;203;204;205;236;237;238;239;240;270;271;272;268;269;299;321;341;360
239
22;104
271;239
0;0
37
1090.0
23;24;25;26;105;106;236;237;238;270;268;269;299;360
240
21;103;27
170;272;240
0;34;34
41
1130.0
22;23;24;25;26;28;104;105;106;107;203;204;236;237;238;239;270;271;268;269;299;320;340;360
241
21;103;27;109;33;115
340;321;301;362;343;324
0;35;70;104;104;454
16
1130.0
22;23;24;25;26;28;29;30;31;32;34;35;36;104;105;106;107;108;110;111;112;113;114;170;171;172;173;203;204;205;206;207;236;237;238;239;240;270;271;272;273;274;275;268;269;299;300;302;320;322;323;341;342;360;361
242
21;103
23;237;105
0;0;0
42
260.0
22;24;104;236;270;268;269;299
243
21;103;27;109
320;300;361;342
0;35;69;69
22
1060.0
22;23;24;25;26;28;29;30;104;105;106;107;110;170;171;203;204;205;236;237;238;239;240;270;271;272;268;269;299;321;340;341;360
244
21;103
271;239
0;0
31
1090.0
22;23;24;25;26;104;105;106;236;237;238;270;268;269;299;360
245
201;169;271;239
269;237;105;204;172;111
0;35;36;69;69;82
260
1255.0
24;25;26;27;28;29;30;103;104;106;107;108;109;110;170;171;202;203;205;236;238;270;268;299;300;320;321;341;360
246
201;169;271;239
26;108;32;114
0;35;69;69
65
1255.0
24;25;27;28;29;30;31;103;104;105;106;107;109;110;111;112;113;170;171;172;173;202;203;204;205;236;237;238;270;272;268;269;299;300;320;321;322;341;360
247
202;170;272
108;32;114
0;34;34
242
1305.0
29;30;31;106;107;109;110;111;112;113;171;172;173;203;204;205;238;239;300;320;321;322;341
248
202;170;272
107;31;113
0;34;34
211
1345.0
29;30;106;108;109;110;111;112;171;172;173;203;204;205;238;239;300;320;321;322;341
249
23;237;105;204;29;172;111
321;301;362;343
0;35;69;69
44
1120.0
24;25;26;27;28;30;31;32;33;106;107;108;109;110;112;171;173;203;205;236;238;239;240;270;271;272;300;322;341;342;360;361
250
23;237;105
26;108
0;0
44
210.0
24;25;106;107;236;238;270;360
251
23;237;105
25;107
0;0
29
360.0
24;106;236;238;270;360
252
23;105
24;106
0;0
244
205.0

253
269;237;105;204
170;272;240
0;34;34
599
1120.0
25;26;27;28;106;107;203;236;238;239;270;271;360
254
269;237;105;204;29;172;111
321;301;362;343
0;35;69;69
411
1120.0
25;26;27;28;30;31;32;33;106;107;108;109;110;112;170;171;173;203;205;236;238;239;240;270;271;272;300;322;341;342;360;361
255
269;237;105
270;106;238
0;0;0
2289
205.0

256
269;237;105
271;239
0;0
290
1095.0
25;26;106;236;238;270;360
257
320;300;361;342
32;114;38;120
0;35;69;69
85
1175.0
29;30;31;33;34;35;36;37;109;110;111;112;113;115;116;117;118;119;171;172;173;174;203;204;205;206;207;240;241;242;243;273;274;275;301;302;321;322;341;362;363
258
102;26;108
272;240;207
0;34;34
46
1035.0
27;28;29;30;31;103;104;105;106;107;109;110;171;172;203;204;205;206;236;237;238;239;271;300;321;341;360
259
102;26
105;204;29
0;0;0
39
200.0
27;28;103;104;106;203;236;237;238;271;360
260
102;26;108;32
300;361;342;323
0;35;69;69
22
1025.0
27;28;29;30;31;33;34;103;104;105;106;107;109;110;111;112;171;172;173;203;204;205;206;207;236;237;238;239;240;271;272;273;301;321;322;341;360
261
102;26;108
271;239;206
0;34;34
9
1060.0
27;28;29;30;103;104;105;106;107;203;204;205;236;237;238;341;360
262
104;28;110
272;240;207
0;34;34
56
1130.0
29;30;31;105;106;107;108;109;171;172;203;204;205;206;236;237;238;239;300;341;360
263
104;28
105;204;29
0;0;0
60
260.0
106;203;236;237;238;360
264
104;28;110;34
300;361;342;323
0;35;69;69
39
1060.0
29;30;31;32;33;105;106;107;108;109;111;112;171;172;173;203;204;205;206;207;236;237;238;239;240;272;273;301;322;341;360
265
104;28
239;206
0;0
40
1090.0
29;30;105;106;107;108;203;204;205;236;237;238;341;360
266
103;27;109
272;240;207
0;34;34
36
1130.0
28;29;30;31;104;105;106;107;108;110;171;172;203;204;205;206;236;237;238;239;300;321;341;360
267
103;27;109;33;115;39
321;301;362;343;324;304
0;35;70;104;104;454
19
1130.0
28;29;30;31;32;34;35;36;37;38;104;105;106;107;108;110;111;112;113;114;116;117;118;171;172;173;174;175;203;204;205;206;207;236;237;238;239;240;241;242;243;272;273;274;275;303;300;302;322;323;341;342;360;361;363
268
103;27
105;204;29
0;0;0
40
260.0
28;104;106;203;236;237;238;360
269
103;27;109;33
300;361;342;323
0;35;69;69
19
1060.0
28;29;30;31;34;104;105;106;107;108;110;111;112;171;172;173;203;204;205;206;207;236;237;238;239;240;272;273;301;321;322;341;360
270
103;27
239;206
0;0
31
1090.0
28;29;30;104;105;106;107;108;203;204;205;236;237;238;341;360
271
169;271;239;206
237;204;29;172;274;35
0;35;36;69;69;82
266
1255.0
27;28;30;31;32;33;34;106;107;108;109;110;111;112;170;171;173;203;205;236;238;272;273;300;301;322;341;360;361
272
169;271;239;206
108;32;114;38
0;35;69;69
68
1255.0
27;28;29;30;31;33;34;35;36;37;106;107;109;110;111;112;113;170;171;172;173;203;204;205;236;237;238;240;272;273;274;275;300;301;302;322;341;360;361
273
170;272;240
32;114;38
0;34;34
237
1305.0
30;31;33;34;35;36;37;111;112;113;171;172;173;205;206;273;274;275;300;301;302;322;361
274
170;272;240
31;113;37
0;34;34
212
1345.0
30;32;33;34;35;36;111;112;171;172;173;205;206;273;274;275;300;301;302;322;361
275
105;204;29;172;111;274;35
301;362;343;324
0;35;69;69
48
1120.0
30;31;32;33;34;36;106;107;108;109;110;112;113;114;115;171;173;203;205;206;207;238;239;240;273;275;302;322;323;341;342;361
276
105;204;29
108;32
0;0
46
210.0
30;31;106;107;203;205;238;341
277
105;204;29
107;31
0;0
29
360.0
30;106;203;205;238;341
278
105;29
106;30
0;0
247
205.0

279
237;204;29;172
272;240;207
0;34;34
592
1120.0
30;31;107;108;109;110;171;203;205;206;238;239;341
280
237;204;29;172;111;274;35
301;362;343;324
0;35;69;69
422
1120.0
30;31;32;33;34;36;107;108;109;110;112;113;114;115;171;173;203;205;206;207;238;239;240;272;273;275;302;322;323;341;342;361
281
237;204;29
238;30;205
0;0;0
2332
205.0

282
237;204;29
239;206
0;0
287
1095.0
30;107;108;203;205;238;341
283
300;361;342;323
114;38;120;44
0;35;69;69
81
1175.0
33;34;35;36;37;39;40;41;42;43;111;112;113;115;116;117;118;119;171;172;173;174;175;207;208;209;210;241;242;243;273;274;275;276;301;302;322;344;343;362;363
284
26;108;32
240;207;175
0;34;34
48
1035.0
27;28;29;30;31;33;34;109;110;111;112;113;171;172;173;174;203;204;205;206;239;273;274;301;322;341;361
285
26;108
29;172;111
0;0;0
40
200.0
27;28;30;109;110;171;203;204;205;239;341
286
26;108;32;114
361;342;323;303
0;35;69;69
22
1025.0
27;28;29;30;31;33;34;35;36;109;110;111;112;113;115;116;171;172;173;174;175;203;204;205;206;207;239;240;241;273;274;275;301;302;322;341;362
287
26;108;32
239;206;174
0;34;34
8
1060.0
27;28;29;30;31;109;110;111;112;171;172;173;203;204;205;322;341
288
28;110;34
240;207;175
0;34;34
51
1130.0
29;30;31;32;33;111;112;113;171;172;173;174;203;204;205;206;273;274;322;341;361
289
28;110
29;172;111
0;0;0
61
260.0
30;171;203;204;205;341
290
28;110;34;116
361;342;323;303
0;35;69;69
40
1060.0
29;30;31;32;33;35;36;111;112;113;114;115;171;172;173;174;175;203;204;205;206;207;240;241;273;274;275;302;322;341;362
291
28;110
206;174
0;0
37
1090.0
29;30;31;32;111;112;171;172;173;203;204;205;322;341
292
27;109;33
240;207;175
0;34;34
40
1130.0
28;29;30;31;32;34;110;111;112;113;171;172;173;174;203;204;205;206;273;274;301;322;341;361
293
27;109;33;115;39;121
301;362;343;324;304;365
0;35;70;104;104;454
16
1130.0
28;29;30;31;32;34;35;36;37;38;40;41;42;110;111;112;113;114;116;117;118;119;120;171;172;173;174;175;203;204;205;206;207;208;209;210;240;241;242;243;273;274;275;276;277;303;302;322;323;344;341;342;364;361;363
294
27;109
29;172;111
0;0;0
39
260.0
28;30;110;171;203;204;205;341
295
27;109;33;115
361;342;323;303
0;35;69;69
19
1060.0
28;29;30;31;32;34;35;36;110;111;112;113;116;171;172;173;174;175;203;204;205;206;207;240;241;273;274;275;301;302;322;341;362
296
27;109
206;174
0;0
31
1090.0
28;29;30;31;32;110;111;112;171;172;173;203;204;205;322;341
297
271;239;206;174
204;172;111;274;242;117
0;35;36;69;69;82
254
1255.0
30;31;32;33;34;35;36;109;110;112;113;114;115;116;171;173;203;205;240;241;272;273;275;302;322;341;342;361;362
298
271;239;206;174
32;114;38;120
0;35;69;69
66
1255.0
30;31;33;34;35;36;37;109;110;111;112;113;115;116;117;118;119;171;172;173;203;204;205;207;240;241;242;243;272;273;274;275;302;322;341;342;361;362;363
299
272;240;207
114;38;120
0;34;34
232
1305.0
35;36;37;112;113;115;116;117;118;119;173;174;241;242;243;273;274;275;302;342;361;362;363
300
272;240;207
113;37;119
0;34;34
203
1345.0
35;36;112;114;115;116;117;118;173;174;241;242;243;273;274;275;302;342;361;362;363
301
29;172;111;274;35;242;117
362;343;324;304
0;35;69;69
45
1120.0
30;31;32;33;34;36;37;38;39;112;113;114;115;116;118;171;173;174;175;205;206;207;241;243;273;275;303;302;322;323;342;363
302
29;172;111
32;114
0;0
40
210.0
30;31;112;113;171;173;205;322
303
29;172;111
31;113
0;0
30
360.0
30;112;171;173;205;322
304
29;111
30;112
0;0
227
205.0

305
204;172;111;274
240;207;175
0;34;34
582
1120.0
31;32;33;34;112;113;171;173;174;205;206;273;322
306
204;172;111;274;35;242;117
362;343;324;304
0;35;69;69
413
1120.0
31;32;33;34;36;37;38;39;112;113;114;115;116;118;171;173;174;175;205;206;207;240;241;243;273;275;303;302;322;323;342;363
307
204;172;111
205;112;173
0;0;0
2309
205.0

308
204;172;111
206;174
0;0
276
1095.0
31;32;112;171;173;205;322
309
361;342;323;303
38;120;44;126
0;35;69;69
87
1175.0
35;36;37;39;40;41;42;43;115;116;117;118;119;121;122;123;124;125;175;176;177;178;208;209;210;241;242;243;244;273;274;275;276;277;302;324;325;344;343;362;363
310
108;32;114
207;175;277
0;34;34
45
1035.0
33;34;35;36;37;109;110;111;112;113;115;116;171;172;173;174;206;241;242;273;274;275;276;302;322;342;362
311
108;32
111;274;35
0;0;0
39
200.0
33;34;109;110;112;171;172;173;206;273;322
312
108;32;114;38
342;323;303;364
0;35;69;69
18
1025.0
33;34;35;36;37;39;40;109;110;111;112;113;115;116;117;118;171;172;173;174;175;206;207;208;241;242;243;273;274;275;276;277;302;322;343;362;363
313
108;32;114
206;174;276
0;34;34
8
1060.0
33;34;35;36;109;110;111;112;113;171;172;173;273;274;275;302;322
314
110;34;116
207;175;277
0;34;34
55
1130.0
35;36;37;111;112;113;114;115;171;172;173;174;241;242;273;274;275;276;302;322;342
315
110;34
111;274;35
0;0;0
62
260.0
112;171;172;173;273;322
316
110;34;116;40
342;323;303;364
0;35;69;69
35
1060.0
35;36;37;38;39;111;112;113;114;115;117;118;171;172;173;174;175;207;208;241;242;243;273;274;275;276;277;302;322;343;363
317
110;34
174;276
0;0
38
1090.0
35;36;111;112;113;114;171;172;173;273;274;275;302;322
318
109;33;115
207;175;277
0;34;34
34
1130.0
34;35;36;37;110;111;112;113;114;116;171;172;173;174;241;242;273;274;275;276;302;322;342;362
319
109;33;115;39;121;45
362;343;324;304;365;346
0;35;70;104;104;454
16
1130.0
34;35;36;37;38;40;41;42;43;44;110;111;112;113;114;116;117;118;119;120;122;123;124;171;172;173;174;175;176;177;178;207;208;209;210;241;242;243;244;245;273;274;275;276;277;303;302;325;322;323;344;345;342;364;363
320
109;33
111;274;35
0;0;0
40
260.0
34;110;112;171;172;173;273;322
321
109;33;115;39
342;323;303;364
0;35;69;69
18
1060.0
34;35;36;37;40;110;111;112;113;114;116;117;118;171;172;173;174;175;207;208;241;242;243;273;274;275;276;277;302;322;343;362;363
322
109;33
174;276
0;0
31
1090.0
34;35;36;110;111;112;113;114;171;172;173;273;274;275;302;322
323
239;206;174;276
172;274;35;242;209;41
0;35;36;69;69;82
256
1255.0
33;34;36;37;38;39;40;112;113;114;115;116;117;118;171;173;207;208;240;241;243;273;275;302;322;323;342;343;363
324
239;206;174;276
114;38;120;44
0;35;69;69
64
1255.0
33;34;35;36;37;39;40;41;42;43;112;113;115;116;117;118;119;171;172;173;175;207;208;209;210;240;241;242;243;273;274;275;302;322;323;344;342;343;363
325
240;207;175
38;120;44
0;34;34
226
1305.0
36;37;39;40;41;42;43;117;118;119;208;209;210;241;242;243;275;276;323;344;342;343;363
326
240;207;175
37;119;43
0;34;34
207
1345.0
36;38;39;40;41;42;117;118;208;209;210;241;242;243;275;276;323;344;342;343;363
327
111;274;35;242;117;209;41
343;324;304;365
0;35;69;69
48
1120.0
36;37;38;39;40;42;112;113;114;115;116;118;119;120;121;173;174;175;208;210;241;243;273;275;276;277;303;302;323;344;364;363
328
111;274;35
114;38
0;0
39
210.0
36;37;112;113;173;273;275;302
329
111;274;35
113;37
0;0
33
360.0
36;112;173;273;275;302
330
111;35
112;36
0;0
227
205.0

331
172;274;35;242
207;175;277
0;34;34
590
1120.0
36;37;113;114;115;116;173;174;241;273;275;276;302
332
172;274;35;242;117;209;41
343;324;304;365
0;35;69;69
408
1120.0
36;37;38;39;40;42;113;114;115;116;118;119;120;121;173;174;175;207;208;210;241;243;273;275;276;277;303;302;323;344;364;363
333
172;274;35
173;36;275
0;0;0
2273
205.0

334
172;274;35
174;276
0;0
278
1095.0
36;113;114;173;273;275;302
335
342;323;303;364
120;44;126;50
0;35;69;69
84
1175.0
39;40;41;42;43;45;46;47;48;49;117;118;119;121;122;123;124;125;176;177;178;208;209;210;211;241;242;243;244;245;277;278;279;280;304;305;324;325;344;343;363
336
32;114;38
175;277;245
0;34;34
47
1035.0
33;34;35;36;37;39;40;115;116;117;118;119;174;208;209;241;242;243;244;273;274;275;276;302;323;343;363
337
32;114
35;242;117
0;0;0
37
200.0
33;34;36;115;116;174;241;273;274;275;302
338
32;114;38;120
323;303;364;345
0;35;69;69
19
1025.0
33;34;35;36;37;39;40;41;42;115;116;117;118;119;121;122;174;175;176;208;209;210;241;242;243;244;245;273;274;275;276;277;302;324;344;343;363
339
32;114;38
174;276;244
0;34;34
7
1060.0
33;34;35;36;37;115;116;117;118;241;242;243;273;274;275;302;363
340
34;116;40
175;277;245
0;34;34
50
1130.0
35;36;37;38;39;117;118;119;208;209;241;242;243;244;273;274;275;276;302;323;363
341
34;116
35;242;117
0;0;0
68
260.0
36;241;273;274;275;302
342
34;116;40;122
323;303;364;345
0;35;69;69
38
1060.0
35;36;37;38;39;41;42;117;118;119;120;121;175;176;208;209;210;241;242;243;244;245;273;274;275;276;277;302;324;344;363
343
34;116
276;244
0;0
38
1090.0
35;36;37;38;117;118;241;242;243;273;274;275;302;363
344
33;115;39
175;277;245
0;34;34
39
1130.0
34;35;36;37;38;40;116;117;118;119;208;209;241;242;243;244;273;274;275;276;302;323;343;363
345
33;115;39;121;45;127
343;324;304;365;346;327
0;35;70;104;104;454
15
1130.0
34;35;36;37;38;40;41;42;43;44;46;47;48;116;117;118;119;120;122;123;124;125;126;175;176;177;178;208;209;210;211;212;241;242;243;244;245;273;274;275;276;277;278;279;280;303;305;302;325;326;323;344;345;364;363
346
33;115
35;242;117
0;0;0
43
260.0
34;36;116;241;273;274;275;302
347
33;115;39;121
323;303;364;345
0;35;69;69
22
1060.0
34;35;36;37;38;40;41;42;116;117;118;119;122;175;176;208;209;210;241;242;243;244;245;273;274;275;276;277;302;324;344;343;363
348
33;115
276;244
0;0
28
1090.0
34;35;36;37;38;116;117;118;241;242;243;273;274;275;302;363
349
206;174;276;244
274;242;117;209;177;123
0;35;36;69;69;82
257
1255.0
36;37;38;39;40;41;42;115;116;118;119;120;121;122;175;176;207;208;210;241;243;273;275;303;302;324;323;344;363
350
206;174;276;244
38;120;44;126
0;35;69;69
61
1255.0
36;37;39;40;41;42;43;115;116;117;118;119;121;122;123;124;125;175;176;177;178;207;208;209;210;241;242;243;273;274;275;277;303;302;324;325;323;344;363
351
207;175;277
120;44;126
0;34;34
217
1305.0
41;42;43;118;119;121;122;123;124;125;176;177;178;208;209;210;243;244;303;324;325;323;344
352
207;175;277
119;43;125
0;34;34
212
1345.0
41;42;118;120;121;122;123;124;176;177;178;208;209;210;243;244;303;324;325;323;344
353
35;242;117;209;41;177;123
324;304;365;346
0;35;69;69
45
1120.0
36;37;38;39;40;42;43;44;45;118;119;120;121;122;124;176;178;208;210;241;243;244;245;275;276;277;303;325;344;345;364;363
354
35;242;117
38;120
0;0
41
210.0
36;37;118;119;241;243;275;363
355
35;242;117
37;119
0;0
30
360.0
36;118;241;243;275;363
356
35;117
36;118
0;0
246
205.0

357
274;242;117;209
175;277;245
0;34;34
585
1120.0
37;38;39;40;118;119;208;241;243;244;275;276;363
358
274;242;117;209;41;177;123
324;304;365;346
0;35;69;69
416
1120.0
37;38;39;40;42;43;44;45;118;119;120;121;122;124;175;176;178;208;210;241;243;244;245;275;276;277;303;325;344;345;364;363
359
274;242;117
275;118;243
0;0;0
2255
205.0

360
274;242;117
276;244
0;0
293
1095.0
37;38;118;241;243;275;363
361
323;303;364;345
44;126;50;132
0;35;69;69
87
1175.0
41;42;43;45;46;47;48;49;121;122;123;124;125;127;128;129;130;131;176;177;178;179;208;209;210;211;212;245;246;247;248;278;279;280;304;305;324;325;344;365;366
362
114;38;120
277;245;212
0;34;34
43
1035.0
39;40;41;42;43;115;116;117;118;119;121;122;176;177;208;209;210;211;241;242;243;244;276;303;324;344;363
363
114;38
117;209;41
0;0;0
39
200.0
39;40;115;116;118;208;241;242;243;276;363
364
114;38;120;44
303;364;345;326
0;35;69;69
18
1025.0
39;40;41;42;43;45;46;115;116;117;118;119;121;122;123;124;176;177;178;208;209;210;211;212;241;242;243;244;245;276;277;278;304;324;325;344;363
365
114;38;120
276;244;211
0;34;34
7
1060.0
39;40;41;42;115;116;117;118;119;208;209;210;241;242;243;344;363
366
116;40;122
277;245;212
0;34;34
58
1130.0
41;42;43;117;118;119;120;121;176;177;208;209;210;211;241;242;243;244;303;344;363
367
116;40
117;209;41
0;0;0
65
260.0
118;208;241;242;243;363
368
116;40;122;46
303;364;345;326
0;35;69;69
36
1060.0
41;42;43;44;45;117;118;119;120;121;123;124;176;177;178;208;209;210;211;212;241;242;243;244;245;277;278;304;325;344;363
369
116;40
244;211
0;0
41
1090.0
41;42;117;118;119;120;208;209;210;241;242;243;344;363
370
115;39;121
277;245;212
0;34;34
34
1130.0
40;41;42;43;116;117;118;119;120;122;176;177;208;209;210;211;241;242;243;244;303;324;344;363
371
115;39;121;45;127;51
324;304;365;346;327;307
0;35;70;104;104;454
17
1130.0
40;41;42;43;44;46;47;48;49;50;116;117;118;119;120;122;123;124;125;126;128;129;130;176;177;178;179;180;208;209;210;211;212;241;242;243;244;245;246;247;248;277;278;279;280;303;305;306;325;326;344;345;364;366;363
372
115;39
117;209;41
0;0;0
43
260.0
40;116;118;208;241;242;243;363
373
115;39;121;45
303;364;345;326
0;35;69;69
22
1060.0
40;41;42;43;46;116;117;118;119;120;122;123;124;176;177;178;208;209;210;211;212;241;242;243;244;245;277;278;304;324;325;344;363
374
115;39
244;211
0;0
32
1090.0
40;41;42;116;117;118;119;120;208;209;210;241;242;243;344;363
375
174;276;244;211
242;209;41;177;279;47
0;35;36;69;69;82
259
1255.0
39;40;42;43;44;45;46;118;119;120;121;122;123;124;175;176;178;208;210;241;243;277;278;303;304;325;344;364;363
376
174;276;244;211
120;44;126;50
0;35;69;69
68
1255.0
39;40;41;42;43;45;46;47;48;49;118;119;121;122;123;124;125;175;176;177;178;208;209;210;241;242;243;245;277;278;279;280;303;304;305;325;344;364;363
377
175;277;245
44;126;50
0;34;34
224
1305.0
42;43;45;46;47;48;49;123;124;125;176;177;178;210;211;278;279;280;303;304;305;325;364
378
175;277;245
43;125;49
0;34;34
216
1345.0
42;44;45;46;47;48;123;124;176;177;178;210;211;278;279;280;303;304;305;325;364
379
117;209;41;177;123;279;47
304;365;346;327
0;35;69;69
42
1120.0
42;43;44;45;46;48;118;119;120;121;122;124;125;126;127;176;178;208;210;211;212;243;244;245;278;280;305;325;326;344;345;364
380
117;209;41
120;44
0;0
45
210.0
42;43;118;119;208;210;243;344
381
117;209;41
119;43
0;0
32
360.0
42;118;208;210;243;344
382
117;41
118;42
0;0
235
205.0

383
242;209;41;177
277;245;212
0;34;34
578
1120.0
42;43;119;120;121;122;176;208;210;211;243;244;344
384
242;209;41;177;123;279;47
304;365;346;327
0;35;69;69
427
1120.0
42;43;44;45;46;48;119;120;121;122;124;125;126;127;176;178;208;210;211;212;243;244;245;277;278;280;305;325;326;344;345;364
385
242;209;41
243;42;210
0;0;0
2336
205.0

386
242;209;41
244;211
0;0
287
1095.0
42;119;120;208;210;243;344
387
303;364;345;326
126;50;132;56
0;35;69;69
79
1175.0
45;46;47;48;49;51;52;53;54;55;123;124;125;127;128;129;130;131;176;177;178;179;180;212;213;214;215;246;247;248;278;279;280;281;304;305;325;346;347;365;366
388
38;120;44
245;212;180
0;34;34
45
1035.0
39;40;41;42;43;45;46;121;122;123;124;125;176;177;178;179;208;209;210;211;244;278;279;304;325;344;364
389
38;120
41;177;123
0;0;0
40
200.0
39;40;42;121;122;176;208;209;210;244;344
390
38;120;44;126
364;345;326;306
0;35;69;69
17
1025.0
39;40;41;42;43;45;46;47;48;121;122;123;124;125;127;128;176;177;178;179;180;208;209;210;211;212;244;245;246;278;279;280;304;305;325;344;365
391
38;120;44
244;211;179
0;34;34
8
1060.0
39;40;41;42;43;121;122;123;124;176;177;178;208;209;210;325;344
392
40;122;46
245;212;180
0;34;34
55
1130.0
41;42;43;44;45;123;124;125;176;177;178;179;208;209;210;211;278;279;325;344;364
393
40;122
41;177;123
0;0;0
69
260.0
42;176;208;209;210;344
394
40;122;46;128
364;345;326;306
0;35;69;69
35
1060.0
41;42;43;44;45;47;48;123;124;125;126;127;176;177;178;179;180;208;209;210;211;212;245;246;278;279;280;305;325;344;365
395
40;122
211;179
0;0
39
1090.0
41;42;43;44;123;124;176;177;178;208;209;210;325;344
396
39;121;45
245;212;180
0;34;34
34
1130.0
40;41;42;43;44;46;122;123;124;125;176;177;178;179;208;209;210;211;278;279;304;325;344;364
397
39;121;45;127;51;133
304;365;346;327;307;368
0;35;70;104;104;454
17
1130.0
40;41;42;43;44;46;47;48;49;50;52;53;54;122;123;124;125;126;128;129;130;131;132;176;177;178;179;180;208;209;210;211;212;213;214;215;245;246;247;248;278;279;280;281;282;305;306;325;326;344;345;347;364;366;367
398
39;121
41;177;123
0;0;0
44
260.0
40;42;122;176;208;209;210;344
399
39;121;45;127
364;345;326;306
0;35;69;69
22
1060.0
40;41;42;43;44;46;47;48;122;123;124;125;128;176;177;178;179;180;208;209;210;211;212;245;246;278;279;280;304;305;325;344;365
400
39;121
211;179
0;0
31
1090.0
40;41;42;43;44;122;123;124;176;177;178;208;209;210;325;344
401
276;244;211;179
209;177;123;279;247;129
0;35;36;69;69;82
260
1255.0
42;43;44;45;46;47;48;121;122;124;125;126;127;128;176;178;208;210;245;246;277;278;280;305;325;344;345;364;365
402
276;244;211;179
44;126;50;132
0;35;69;69
66
1255.0
42;43;45;46;47;48;49;121;122;123;124;125;127;128;129;130;131;176;177;178;208;209;210;212;245;246;247;248;277;278;279;280;305;325;344;345;364;365;366
403
277;245;212
126;50;132
0;34;34
225
1305.0
47;48;49;124;125;127;128;129;130;131;178;179;246;247;248;278;279;280;305;345;364;365;366
404
277;245;212
125;49;131
0;34;34
211
1345.0
47;48;124;126;127;128;129;130;178;179;246;247;248;278;279;280;305;345;364;365;366
405
41;177;123;279;47;247;129
365;346;327;307
0;35;69;69
45
1120.0
42;43;44;45;46;48;49;50;51;124;125;126;127;128;130;176;178;179;180;210;211;212;246;248;278;280;305;306;325;326;345;366
406
41;177;123
44;126
0;0
43
210.0
42;43;124;125;176;178;210;325
407
41;177;123
43;125
0;0
33
360.0
42;124;176;178;210;325
408
41;123
42;124
0;0
245
205.0

409
209;177;123;279
245;212;180
0;34;34
576
1120.0
43;44;45;46;124;125;176;178;179;210;211;278;325
410
209;177;123;279;47;247;129
365;346;327;307
0;35;69;69
411
1120.0
43;44;45;46;48;49;50;51;124;125;126;127;128;130;176;178;179;180;210;211;212;245;246;248;278;280;305;306;325;326;345;366
411
209;177;123
210;124;178
0;0;0
2346
205.0

412
209;177;123
211;179
0;0
283
1095.0
43;44;124;176;178;210;325
413
364;345;326;306
50;132;56;138
0;35;69;69
85
1175.0
47;48;49;51;52;53;54;55;127;128;129;130;131;133;134;135;136;137;180;181;182;183;213;214;215;246;247;248;249;278;279;280;281;282;305;327;328;346;347;365;366
414
120;44;126
212;180;282
0;34;34
49
1035.0
45;46;47;48;49;121;122;123;124;125;127;128;176;177;178;179;211;246;247;278;279;280;281;305;325;345;365
415
120;44
123;279;47
0;0;0
40
200.0
45;46;121;122;124;176;177;178;211;278;325
416
120;44;126;50
345;326;306;367
0;35;69;69
18
1025.0
45;46;47;48;49;51;52;121;122;123;124;125;127;128;129;130;176;177;178;179;180;211;212;213;246;247;248;278;279;280;281;282;305;325;346;365;366
417
120;44;126
211;179;281
0;34;34
7
1060.0
45;46;47;48;121;122;123;124;125;176;177;178;278;279;280;305;325
418
122;46;128
212;180;282
0;34;34
57
1130.0
47;48;49;123;124;125;126;127;176;177;178;179;246;247;278;279;280;281;305;325;345
419
122;46
123;279;47
0;0;0
66
260.0
124;176;177;178;278;325
420
122;46;128;52
345;326;306;367
0;35;69;69
33
1060.0
47;48;49;50;51;123;124;125;126;127;129;130;176;177;178;179;180;212;213;246;247;248;278;279;280;281;282;305;325;346;366
421
122;46
179;281
0;0
38
1090.0
47;48;123;124;125;126;176;177;178;278;279;280;305;325
422
121;45;127
212;180;282
0;34;34
38
1130.0
46;47;48;49;122;123;124;125;126;128;176;177;178;179;246;247;278;279;280;281;305;325;345;365
423
121;45;127;51;133;57
365;346;327;307;368;349
0;35;70;104;104;454
17
1130.0
46;47;48;49;50;52;53;54;55;56;122;123;124;125;126;128;129;130;131;132;134;135;136;176;177;178;179;180;181;182;183;212;213;214;215;246;247;248;249;250;278;279;280;281;282;305;306;325;326;328;345;347;348;366;367
424
121;45
123;279;47
0;0;0
42
260.0
46;122;124;176;177;178;278;325
425
121;45;127;51
345;326;306;367
0;35;69;69
23
1060.0
46;47;48;49;52;122;123;124;125;126;128;129;130;176;177;178;179;180;212;213;246;247;248;278;279;280;281;282;305;325;346;365;366
426
121;45
179;281
0;0
30
1090.0
46;47;48;122;123;124;125;126;176;177;178;278;279;280;305;325
427
244;211;179;281
177;279;47;247;214;53
0;35;36;69;69;82
256
1255.0
45;46;48;49;50;51;52;124;125;126;127;128;129;130;176;178;212;213;245;246;248;278;280;305;325;326;345;346;366
428
244;211;179;281
126;50;132;56
0;35;69;69
65
1255.0
45;46;47;48;49;51;52;53;54;55;124;125;127;128;129;130;131;176;177;178;180;212;213;214;215;245;246;247;248;278;279;280;305;325;326;345;346;347;366
429
245;212;180
50;132;56
0;34;34
226
1305.0
48;49;51;52;53;54;55;129;130;131;213;214;215;246;247;248;280;281;326;345;346;347;366
430
245;212;180
49;131;55
0;34;34
208
1345.0
48;50;51;52;53;54;129;130;213;214;215;246;247;248;280;281;326;345;346;347;366
431
123;279;47;247;129;214;53
346;327;307;368
0;35;69;69
41
1120.0
48;49;50;51;52;54;124;125;126;127;128;130;131;132;133;178;179;180;213;215;246;248;278;280;281;282;305;306;326;347;366;367
432
123;279;47
126;50
0;0
42
210.0
48;49;124;125;178;278;280;305
433
123;279;47
125;49
0;0
27
360.0
48;124;178;278;280;305
434
123;47
124;48
0;0
234
205.0

435
177;279;47;247
212;180;282
0;34;34
590
1120.0
48;49;125;126;127;128;178;179;246;278;280;281;305
436
177;279;47;247;129;214;53
346;327;307;368
0;35;69;69
415
1120.0
48;49;50;51;52;54;125;126;127;128;130;131;132;133;178;179;180;212;213;215;246;248;278;280;281;282;305;306;326;347;366;367
437
177;279;47
178;48;280
0;0;0
2288
205.0

438
177;279;47
179;281
0;0
284
1095.0
48;125;126;178;278;280;305
439
345;326;306;367
132;56;138;62
0;35;69;69
88
1175.0
51;52;53;54;55;57;58;59;60;61;129;130;131;133;134;135;136;137;181;182;183;213;214;215;216;246;247;248;249;250;282;283;284;285;307;308;327;328;346;347;366
440
44;126;50
180;282;250
0;34;34
46
1035.0
45;46;47;48;49;51;52;127;128;129;130;131;179;213;214;246;247;248;249;278;279;280;281;305;326;346;366
441
44;126
47;247;129
0;0;0
38
200.0
45;46;48;127;128;179;246;278;279;280;305
442
44;126;50;132
326;306;367;348
0;35;69;69
19
1025.0
45;46;47;48;49;51;52;53;54;127;128;129;130;131;133;134;179;180;181;213;214;215;246;247;248;249;250;278;279;280;281;282;305;327;346;347;366
443
44;126;50
179;281;249
0;34;34
7
1060.0
45;46;47;48;49;127;128;129;130;246;247;248;278;279;280;305;366
444
46;128;52
180;282;250
0;34;34
53
1130.0
47;48;49;50;51;129;130;131;213;214;246;247;248;249;278;279;280;281;305;326;366
445
46;128
47;247;129
0;0;0
68
260.0
48;246;278;279;280;305
446
46;128;52;134
326;306;367;348
0;35;69;69
33
1060.0
47;48;49;50;51;53;54;129;130;131;132;133;180;181;213;214;215;246;247;248;249;250;278;279;280;281;282;305;327;347;366
447
46;128
281;249
0;0
40
1090.0
47;48;49;50;129;130;246;247;248;278;279;280;305;366
448
45;127;51
180;282;250
0;34;34
40
1130.0
46;47;48;49;50;52;128;129;130;131;213;214;246;247;248;249;278;279;280;281;305;326;346;366
449
45;127;51;133;57;139
346;327;307;368;349;330
0;35;70;104;104;454
16
1130.0
46;47;48;49;50;52;53;54;55;56;58;59;60;128;129;130;131;132;134;135;136;137;138;180;181;182;183;213;214;215;216;217;246;247;248;249;250;278;279;280;281;282;283;284;285;305;306;308;326;328;329;347;348;366;367
450
45;127
47;247;129
0;0;0
43
260.0
46;48;128;246;278;279;280;305
451
45;127;51;133
326;306;367;348
0;35;69;69
23
1060.0
46;47;48;49;50;52;53;54;128;129;130;131;134;180;181;213;214;215;246;247;248;249;250;278;279;280;281;282;305;327;346;347;366
452
45;127
281;249
0;0
27
1090.0
46;47;48;49;50;128;129;130;246;247;248;278;279;280;305;366
453
211;179;281;249
279;247;129;214;182;135
0;35;36;69;69;82
250
1255.0
48;49;50;51;52;53;54;127;128;130;131;132;133;134;180;181;212;213;215;246;248;278;280;305;306;326;327;347;366
454
211;179;281;249
50;132;56;138
0;35;69;69
63
1255.0
48;49;51;52;53;54;55;127;128;129;130;131;133;134;135;136;137;180;181;182;183;212;213;214;215;246;247;248;278;279;280;282;305;306;326;327;328;347;366
455
212;180;282
132;56;138
0;34;34
231
1305.0
53;54;55;130;131;133;134;135;136;137;181;182;183;213;214;215;248;249;306;326;327;328;347
456
212;180;282
131;55;137
0;34;34
214
1345.0
53;54;130;132;133;134;135;136;181;182;183;213;214;215;248;249;306;326;327;328;347
457
47;247;129;214;53;182;135
327;307;368;349
0;35;69;69
48
1120.0
48;49;50;51;52;54;55;56;57;130;131;132;133;134;136;181;183;213;215;246;248;249;250;280;281;282;306;328;347;348;366;367
458
47;247;129
50;132
0;0
38
210.0
48;49;130;131;246;248;280;366
459
47;247;129
49;131
0;0
27
360.0
48;130;246;248;280;366
460
47;129
48;130
0;0
249
205.0

461
279;247;129;214
180;282;250
0;34;34
592
1120.0
49;50;51;52;130;131;213;246;248;249;280;281;366
462
279;247;129;214;53;182;135
327;307;368;349
0;35;69;69
404
1120.0
49;50;51;52;54;55;56;57;130;131;132;133;134;136;180;181;183;213;215;246;248;249;250;280;281;282;306;328;347;348;366;367
463
279;247;129
280;130;248
0;0;0
2348
205.0

464
279;247;129
281;249
0;0
280
1095.0
49;50;130;246;248;280;366
465
326;306;367;348
56;138;62;144
0;35;69;69
90
1175.0
53;54;55;57;58;59;60;61;133;134;135;136;137;139;140;141;142;143;181;182;183;184;213;214;215;216;217;250;251;252;253;283;284;285;307;308;327;328;347;368;369
466
126;50;132
282;250;217
0;34;34
46
1035.0
51;52;53;54;55;127;128;129;130;131;133;134;181;182;213;214;215;216;246;247;248;249;281;306;327;347;366
467
126;50
129;214;53
0;0;0
39
200.0
51;52;127;128;130;213;246;247;248;281;366
468
126;50;132;56
306;367;348;329
0;35;69;69
19
1025.0
51;52;53;54;55;57;58;127;128;129;130;131;133;134;135;136;181;182;183;213;214;215;216;217;246;247;248;249;250;281;282;283;307;327;328;347;366
469
126;50;132
281;249;216
0;34;34
7
1060.0
51;52;53;54;127;128;129;130;131;213;214;215;246;247;248;347;366
470
128;52;134
282;250;217
0;34;34
59
1130.0
53;54;55;129;130;131;132;133;181;182;213;214;215;216;246;247;248;249;306;347;366
471
128;52
129;214;53
0;0;0
66
260.0
130;213;246;247;248;366
472
128;52;134;58
306;367;348;329
0;35;69;69
38
1060.0
53;54;55;56;57;129;130;131;132;133;135;136;181;182;183;213;214;215;216;217;246;247;248;249;250;282;283;307;328;347;366
473
128;52
249;216
0;0
42
1090.0
53;54;129;130;131;132;213;214;215;246;247;248;347;366
474
127;51;133
282;250;217
0;34;34
40
1130.0
52;53;54;55;128;129;130;131;132;134;181;182;213;214;215;216;246;247;248;249;306;327;347;366
475
127;51;133;57;139;63
327;307;368;349;330;310
0;35;70;104;104;454
15
1130.0
52;53;54;55;56;58;59;60;61;62;128;129;130;131;132;134;135;136;137;138;140;141;142;181;182;183;184;185;213;214;215;216;217;246;247;248;249;250;251;252;253;282;283;284;285;306;308;309;328;329;347;348;366;367;369
476
127;51
129;214;53
0;0;0
38
260.0
52;128;130;213;246;247;248;366
477
127;51;133;57
306;367;348;329
0;35;69;69
19
1060.0
52;53;54;55;58;128;129;130;131;132;134;135;136;181;182;183;213;214;215;216;217;246;247;248;249;250;282;283;307;327;328;347;366
478
127;51
249;216
0;0
29
1090.0
52;53;54;128;129;130;131;132;213;214;215;246;247;248;347;366
479
179;281;249;216
247;214;53;182;284;59
0;35;36;69;69;82
261
1255.0
51;52;54;55;56;57;58;130;131;132;133;134;135;136;180;181;183;213;215;246;248;282;283;306;307;328;347;366;367
480
179;281;249;216
132;56;138;62
0;35;69;69
70
1255.0
51;52;53;54;55;57;58;59;60;61;130;131;133;134;135;136;137;180;181;182;183;213;214;215;246;247;248;250;282;283;284;285;306;307;308;328;347;366;367
481
180;282;250
56;138;62
0;34;34
239
1305.0
54;55;57;58;59;60;61;135;136;137;181;182;183;215;216;283;284;285;306;307;308;328;367
482
180;282;250
55;137;61
0;34;34
206
1345.0
54;56;57;58;59;60;135;136;181;182;183;215;216;283;284;285;306;307;308;328;367
483
129;214;53;182;135;284;59
307;368;349;330
0;35;69;69
46
1120.0
54;55;56;57;58;60;130;131;132;133;134;136;137;138;139;181;183;213;215;216;217;248;249;250;283;285;308;328;329;347;348;367
484
129;214;53
132;56
0;0
43
210.0
54;55;130;131;213;215;248;347
485
129;214;53
131;55
0;0
32
360.0
54;130;213;215;248;347
486
129;53
130;54
0;0
235
205.0

487
247;214;53;182
282;250;217
0;34;34
581
1120.0
54;55;131;132;133;134;181;213;215;216;248;249;347
488
247;214;53;182;135;284;59
307;368;349;330
0;35;69;69
423
1120.0
54;55;56;57;58;60;131;132;133;134;136;137;138;139;181;183;213;215;216;217;248;249;250;282;283;285;308;328;329;347;348;367
489
247;214;53
248;54;215
0;0;0
2287
205.0

490
247;214;53
249;216
0;0
275
1095.0
54;131;132;213;215;248;347
491
306;367;348;329
138;62;144;68
0;35;69;69
81
1175.0
57;58;59;60;61;63;64;65;66;67;135;136;137;139;140;141;142;143;181;182;183;184;185;217;218;219;220;251;252;253;283;284;285;286;307;308;328;349;350;368;369
492
50;132;56
250;217;185
0;34;34
45
1035.0
51;52;53;54;55;57;58;133;134;135;136;137;181;182;183;184;213;214;215;216;249;283;284;307;328;347;367
493
50;132
53;182;135
0;0;0
35
200.0
51;52;54;133;134;181;213;214;215;249;347
494
50;132;56;138
367;348;329;309
0;35;69;69
16
1025.0
51;52;53;54;55;57;58;59;60;133;134;135;136;137;139;140;181;182;183;184;185;213;214;215;216;217;249;250;251;283;284;285;307;308;328;347;368
495
50;132;56
249;216;184
0;34;34
7
1060.0
51;52;53;54;55;133;134;135;136;181;182;183;213;214;215;328;347
496
52;134;58
250;217;185
0;34;34
52
1130.0
53;54;55;56;57;135;136;137;181;182;183;184;213;214;215;216;283;284;328;347;367
497
52;134
53;182;135
0;0;0
71
260.0
54;181;213;214;215;347
498
52;134;58;140
367;348;329;309
0;35;69;69
32
1060.0
53;54;55;56;57;59;60;135;136;137;138;139;181;182;183;184;185;213;214;215;216;217;250;251;283;284;285;308;328;347;368
499
52;134
216;184
0;0
40
1090.0
53;54;55;56;135;136;181;182;183;213;214;215;328;347
500
51;133;57
250;217;185
0;34;34
38
1130.0
52;53;54;55;56;58;134;135;136;137;181;182;183;184;213;214;215;216;283;284;307;328;347;367
501
51;133;57;139;63;145
307;368;349;330;310;371
0;35;70;104;104;454
15
1130.0
52;53;54;55;56;58;59;60;61;62;64;65;66;134;135;136;137;138;140;141;142;143;144;181;182;183;184;185;213;214;215;216;217;218;219;220;250;251;252;253;283;284;285;286;287;308;309;328;329;347;348;350;367;369;370
502
51;133
53;182;135
0;0;0
44
260.0
52;54;134;181;213;214;215;347
503
51;133;57;139
367;348;329;309
0;35;69;69
22
1060.0
52;53;54;55;56;58;59;60;134;135;136;137;140;181;182;183;184;185;213;214;215;216;217;250;251;283;284;285;307;308;328;347;368
504
51;133
216;184
0;0
31
1090.0
52;53;54;55;56;134;135;136;181;182;183;213;214;215;328;347
505
281;249;216;184
214;182;135;284;252;141
0;35;36;69;69;82
246
1255.0
54;55;56;57;58;59;60;133;134;136;137;138;139;140;181;183;213;215;250;251;282;283;285;308;328;347;348;367;368
506
281;249;216;184
56;138;62;144
0;35;69;69
65
1255.0
54;55;57;58;59;60;61;133;134;135;136;137;139;140;141;142;143;181;182;183;213;214;215;217;250;251;252;253;282;283;284;285;308;328;347;348;367;368;369
507
282;250;217
138;62;144
0;34;34
237
1305.0
59;60;61;136;137;139;140;141;142;143;183;184;251;252;253;283;284;285;308;348;367;368;369
508
282;250;217
137;61;143
0;34;34
206
1345.0
59;60;136;138;139;140;141;142;183;184;251;252;253;283;284;285;308;348;367;368;369
509
53;182;135;284;59;252;141
368;349;330;310
0;35;69;69
47
1120.0
54;55;56;57;58;60;61;62;63;136;137;138;139;140;142;181;183;184;185;215;216;217;251;253;283;285;308;309;328;329;348;369
510
53;182;135
56;138
0;0
41
210.0
54;55;136;137;181;183;215;328
511
53;182;135
55;137
0;0
26
360.0
54;136;181;183;215;328
512
53;135
54;136
0;0
230
205.0

513
214;182;135;284
250;217;185
0;34;34
574
1120.0
55;56;57;58;136;137;181;183;184;215;216;283;328
514
214;182;135;284;59;252;141
368;349;330;310
0;35;69;69
425
1120.0
55;56;57;58;60;61;62;63;136;137;138;139;140;142;181;183;184;185;215;216;217;250;251;253;283;285;308;309;328;329;348;369
515
214;182;135
215;136;183
0;0;0
2355
205.0

516
214;182;135
216;184
0;0
291
1095.0
55;56;136;181;183;215;328
517
367;348;329;309
62;144;68;150
0;35;69;69
80
1175.0
59;60;61;63;64;65;66;67;139;140;141;142;143;145;146;147;148;149;185;186;187;188;218;219;220;251;252;253;254;283;284;285;286;287;308;330;331;349;350;368;369
518
132;56;138
217;185;287
0;34;34
43
1035.0
57;58;59;60;61;133;134;135;136;137;139;140;181;182;183;184;216;251;252;283;284;285;286;308;328;348;368
519
132;56
135;284;59
0;0;0
41
200.0
57;58;133;134;136;181;182;183;216;283;328
520
132;56;138;62
348;329;309;370
0;35;69;69
18
1025.0
57;58;59;60;61;63;64;133;134;135;136;137;139;140;141;142;181;182;183;184;185;216;217;218;251;252;253;283;284;285;286;287;308;328;349;368;369
521
132;56;138
216;184;286
0;34;34
6
1060.0
57;58;59;60;133;134;135;136;137;181;182;183;283;284;285;308;328
522
134;58;140
217;185;287
0;34;34
52
1130.0
59;60;61;135;136;137;138;139;181;182;183;184;251;252;283;284;285;286;308;328;348
523
134;58
135;284;59
0;0;0
71
260.0
136;181;182;183;283;328
524
134;58;140;64
348;329;309;370
0;35;69;69
36
1060.0
59;60;61;62;63;135;136;137;138;139;141;142;181;182;183;184;185;217;218;251;252;253;283;284;285;286;287;308;328;349;369
525
134;58
184;286
0;0
44
1090.0
59;60;135;136;137;138;181;182;183;283;284;285;308;328
526
133;57;139
217;185;287
0;34;34
38
1130.0
58;59;60;61;134;135;136;137;138;140;181;182;183;184;251;252;283;284;285;286;308;328;348;368
527
133;57;139;63;145;69
368;349;330;310;371;352
0;35;70;104;104;454
16
1130.0
58;59;60;61;62;64;65;66;67;68;134;135;136;137;138;140;141;142;143;144;146;147;148;181;182;183;184;185;186;187;188;217;218;219;220;251;252;253;254;255;283;284;285;286;287;308;309;328;329;331;348;350;351;369;370
528
133;57
135;284;59
0;0;0
39
260.0
58;134;136;181;182;183;283;328
529
133;57;139;63
348;329;309;370
0;35;69;69
23
1060.0
58;59;60;61;64;134;135;136;137;138;140;141;142;181;182;183;184;185;217;218;251;252;253;283;284;285;286;287;308;328;349;368;369
530
133;57
184;286
0;0
30
1090.0
58;59;60;134;135;136;137;138;181;182;183;283;284;285;308;328
531
249;216;184;286
182;284;59;252;219;65
0;35;36;69;69;82
254
1255.0
57;58;60;61;62;63;64;136;137;138;139;140;141;142;181;183;217;218;250;251;253;283;285;308;328;329;348;349;369
532
249;216;184;286
138;62;144;68
0;35;69;69
62
1255.0
57;58;59;60;61;63;64;65;66;67;136;137;139;140;141;142;143;181;182;183;185;217;218;219;220;250;251;252;253;283;284;285;308;328;329;348;349;350;369
533
250;217;185
62;144;68
0;34;34
217
1305.0
60;61;63;64;65;66;67;141;142;143;218;219;220;251;252;253;285;286;329;348;349;350;369
534
250;217;185
61;143;67
0;34;34
209
1345.0
60;62;63;64;65;66;141;142;218;219;220;251;252;253;285;286;329;348;349;350;369
535
135;284;59;252;141;219;65
349;330;310;371
0;35;69;69
49
1120.0
60;61;62;63;64;66;136;137;138;139;140;142;143;144;145;183;184;185;218;220;251;253;283;285;286;287;308;309;329;350;369;370
536
135;284;59
138;62
0;0
42
210.0
60;61;136;137;183;283;285;308
537
135;284;59
137;61
0;0
28
360.0
60;136;183;283;285;308
538
135;59
136;60
0;0
235
205.0

539
182;284;59;252
217;185;287
0;34;34
579
1120.0
60;61;137;138;139;140;183;184;251;283;285;286;308
540
182;284;59;252;141;219;65
349;330;310;371
0;35;69;69
428
1120.0
60;61;62;63;64;66;137;138;139;140;142;143;144;145;183;184;185;217;218;220;251;253;283;285;286;287;308;309;329;350;369;370
541
182;284;59
183;60;285
0;0;0
2305
205.0

542
182;284;59
184;286
0;0
282
1095.0
60;137;138;183;283;285;308
543
348;329;309;370
144;68;150;74
0;35;69;69
87
1175.0
63;64;65;66;67;69;70;71;72;73;141;142;143;145;146;147;148;149;186;187;188;218;219;220;221;251;252;253;254;255;287;288;289;290;310;311;330;331;349;350;369
544
56;138;62
185;287;255
0;34;34
41
1035.0
57;58;59;60;61;63;64;139;140;141;142;143;184;218;219;251;252;253;254;283;284;285;286;308;329;349;369
545
56;138
59;252;141
0;0;0
38
200.0
57;58;60;139;140;184;251;283;284;285;308
546
56;138;62;144
329;309;370;351
0;35;69;69
20
1025.0
57;58;59;60;61;63;64;65;66;139;140;141;142;143;145;146;184;185;186;218;219;220;251;252;253;254;255;283;284;285;286;287;308;330;349;350;369
547
56;138;62
184;286;254
0;34;34
6
1060.0
57;58;59;60;61;139;140;141;142;251;252;253;283;284;285;308;369
548
58;140;64
185;287;255
0;34;34
55
1130.0
59;60;61;62;63;141;142;143;218;219;251;252;253;254;283;284;285;286;308;329;369
549
58;140
59;252;141
0;0;0
71
260.0
60;251;283;284;285;308
550
58;140;64;146
329;309;370;351
0;35;69;69
36
1060.0
59;60;61;62;63;65;66;141;142;143;144;145;185;186;218;219;220;251;252;253;254;255;283;284;285;286;287;308;330;350;369
551
58;140
286;254
0;0
37
1090.0
59;60;61;62;141;142;251;252;253;283;284;285;308;369
552
57;139;63
185;287;255
0;34;34
37
1130.0
58;59;60;61;62;64;140;141;142;143;218;219;251;252;253;254;283;284;285;286;308;329;349;369
553
57;139;63;145;69;151
349;330;310;371;352;333
0;35;70;104;104;454
17
1130.0
58;59;60;61;62;64;65;66;67;68;70;71;72;140;141;142;143;144;146;147;148;149;150;185;186;187;188;218;219;220;221;222;251;252;253;254;255;283;284;285;286;287;288;289;290;308;309;311;329;331;332;350;351;369;370
554
57;139
59;252;141
0;0;0
42
260.0
58;60;140;251;283;284;285;308
555
57;139;63;145
329;309;370;351
0;35;69;69
20
1060.0
58;59;60;61;62;64;65;66;140;141;142;143;146;185;186;218;219;220;251;252;253;254;255;283;284;285;286;287;308;330;349;350;369
556
57;139
286;254
0;0
28
1090.0
58;59;60;61;62;140;141;142;251;252;253;283;284;285;308;369
557
216;184;286;254
284;252;141;219;187;147
0;35;36;69;69;82
246
1255.0
60;61;62;63;64;65;66;139;140;142;143;144;145;146;185;186;217;218;220;251;253;283;285;308;309;329;330;350;369
558
216;184;286;254
62;144;68;150
0;35;69;69
70
1255.0
60;61;63;64;65;66;67;139;140;141;142;143;145;146;147;148;149;185;186;187;188;217;218;219;220;251;252;253;283;284;285;287;308;309;329;330;331;350;369
559
217;185;287
144;68;150
0;34;34
241
1305.0
65;66;67;142;143;145;146;147;148;149;186;187;188;218;219;220;253;254;309;329;330;331;350
560
217;185;287
143;67;149
0;34;34
200
1345.0
65;66;142;144;145;146;147;148;186;187;188;218;219;220;253;254;309;329;330;331;350
561
59;252;141;219;65;187;147
330;310;371;352
0;35;69;69
48
1120.0
60;61;62;63;64;66;67;68;69;142;143;144;145;146;148;186;188;218;220;251;253;254;255;285;286;287;309;331;350;351;369;370
562
59;252;141
62;144
0;0
45
210.0
60;61;142;143;251;253;285;369
563
59;252;141
61;143
0;0
25
360.0
60;142;251;253;285;369
564
59;141
60;142
0;0
230
205.0

565
284;252;141;219
185;287;255
0;34;34
583
1120.0
61;62;63;64;142;143;218;251;253;254;285;286;369
566
284;252;141;219;65;187;147
330;310;371;352
0;35;69;69
410
1120.0
61;62;63;64;66;67;68;69;142;143;144;145;146;148;185;186;188;218;220;251;253;254;255;285;286;287;309;331;350;351;369;370
567
284;252;141
285;142;253
0;0;0
2363
205.0

568
284;252;141
286;254
0;0
274
1095.0
61;62;142;251;253;285;369
569
329;309;370;351
68;150;74;156
0;35;69;69
81
1175.0
65;66;67;69;70;71;72;73;145;146;147;148;149;151;152;153;154;155;186;187;188;189;218;219;220;221;222;255;256;257;258;288;289;290;310;311;330;331;350;371;372
570
138;62;144
287;255;222
0;34;34
42
1035.0
63;64;65;66;67;139;140;141;142;143;145;146;186;187;218;219;220;221;251;252;253;254;286;309;330;350;369
571
138;62
141;219;65
0;0;0
41
200.0
63;64;139;140;142;218;251;252;253;286;369
572
138;62;144;68
309;370;351;332
0;35;69;69
19
1025.0
63;64;65;66;67;69;70;139;140;141;142;143;145;146;147;148;186;187;188;218;219;220;221;222;251;252;253;254;255;286;287;288;310;330;331;350;369
573
138;62;144
286;254;221
0;34;34
7
1060.0
63;64;65;66;139;140;141;142;143;218;219;220;251;252;253;350;369
574
140;64;146
287;255;222
0;34;34
51
1130.0
65;66;67;141;142;143;144;145;186;187;218;219;220;221;251;252;253;254;309;350;369
575
140;64
141;219;65
0;0;0
72
260.0
142;218;251;252;253;369
576
140;64;146;70
309;370;351;332
0;35;69;69
35
1060.0
65;66;67;68;69;141;142;143;144;145;147;148;186;187;188;218;219;220;221;222;251;252;253;254;255;287;288;310;331;350;369
577
140;64
254;221
0;0
43
1090.0
65;66;141;142;143;144;218;219;220;251;252;253;350;369
578
139;63;145
287;255;222
0;34;34
40
1130.0
64;65;66;67;140;141;142;143;144;146;186;187;218;219;220;221;251;252;253;254;309;330;350;369
579
139;63;145;69;151;75
330;310;371;352;333;313
0;35;70;104;104;454
15
1130.0
64;65;66;67;68;70;71;72;73;74;140;141;142;143;144;146;147;148;149;150;152;153;154;186;187;188;189;190;218;219;220;221;222;251;252;253;254;255;256;257;258;287;288;289;290;309;311;312;331;332;350;351;369;370;372
580
139;63
141;219;65
0;0;0
40
260.0
64;140;142;218;251;252;253;369
581
139;63;145;69
309;370;351;332
0;35;69;69
23
1060.0
64;65;66;67;70;140;141;142;143;144;146;147;148;186;187;188;218;219;220;221;222;251;252;253;254;255;287;288;310;330;331;350;369
582
139;63
254;221
0;0
27
1090.0
64;65;66;140;141;142;143;144;218;219;220;251;252;253;350;369
583
184;286;254;221
252;219;65;187;289;71
0;35;36;69;69;82
245
1255.0
63;64;66;67;68;69;70;142;143;144;145;146;147;148;185;186;188;218;220;251;253;287;288;309;310;331;350;369;370
584
184;286;254;221
144;68;150;74
0;35;69;69
61
1255.0
63;64;65;66;67;69;70;71;72;73;142;143;145;146;147;148;149;185;186;187;188;218;219;220;251;252;253;255;287;288;289;290;309;310;311;331;350;369;370
585
185;287;255
68;150;74
0;34;34
229
1305.0
66;67;69;70;71;72;73;147;148;149;186;187;188;220;221;288;289;290;309;310;311;331;370
586
185;287;255
67;149;73
0;34;34
197
1345.0
66;68;69;70;71;72;147;148;186;187;188;220;221;288;289;290;309;310;311;331;370
587
141;219;65;187;147;289;71
310;371;352;333
0;35;69;69
51
1120.0
66;67;68;69;70;72;142;143;144;145;146;148;149;150;151;186;188;218;220;221;222;253;254;255;288;290;311;331;332;350;351;370
588
141;219;65
144;68
0;0
43
210.0
66;67;142;143;218;220;253;350
589
141;219;65
143;67
0;0
26
360.0
66;142;218;220;253;350
590
141;65
142;66
0;0
231
205.0

591
252;219;65;187
287;255;222
0;34;34
579
1120.0
66;67;143;144;145;146;186;218;220;221;253;254;350
592
252;219;65;187;147;289;71
310;371;352;333
0;35;69;69
403
1120.0
66;67;68;69;70;72;143;144;145;146;148;149;150;151;186;188;218;220;221;222;253;254;255;287;288;290;311;331;332;350;351;370
593
252;219;65
253;66;220
0;0;0
2291
205.0

594
252;219;65
254;221
0;0
279
1095.0
66;143;144;218;220;253;350
595
309;370;351
150;74;156
0;35;69
86
1175.0
69;70;71;72;73;147;148;149;151;152;153;154;155;186;187;188;189;222;256;257;258;288;289;290;310;311;331;371;372
596
62;144;68
255;222;190
0;34;34
43
1035.0
63;64;65;66;67;69;70;145;146;147;148;149;186;187;188;189;218;219;220;221;254;288;289;310;331;350;370
597
62;144
65;187;147
0;0;0
42
200.0
63;64;66;145;146;186;218;219;220;254;350
598
62;144;68;150
370;351;332;312
0;35;69;69
20
1025.0
63;64;65;66;67;69;70;71;72;145;146;147;148;149;151;152;186;187;188;189;190;218;219;220;221;222;254;255;256;288;289;290;310;311;331;350;371
599
62;144;68
254;221;189
0;34;34
6
1060.0
63;64;65;66;67;145;146;147;148;186;187;188;218;219;220;331;350
600
64;146;70
255;222;190
0;34;34
49
1130.0
65;66;67;68;69;147;148;149;186;187;188;189;218;219;220;221;288;289;331;350;370
601
64;146
65;187;147
0;0;0
67
260.0
66;186;218;219;220;350
602
64;146;70;152
370;351;332;312
0;35;69;69
35
1060.0
65;66;67;68;69;71;72;147;148;149;150;151;186;187;188;189;190;218;219;220;221;222;255;256;288;289;290;311;331;350;371
603
64;146
221;189
0;0
43
1090.0
65;66;67;68;147;148;186;187;188;218;219;220;331;350
604
63;145;69
255;222;190
0;34;34
39
1130.0
64;65;66;67;68;70;146;147;148;149;186;187;188;189;218;219;220;221;288;289;310;331;350;370
605
63;145;69;151;75
310;371;352;333;313
0;35;70;104;104
17
1130.0
64;65;66;67;68;70;71;72;73;74;146;147;148;149;150;152;153;154;186;187;188;189;190;218;219;220;221;222;255;256;257;258;288;289;290;311;312;331;332;350;351;370;372
606
63;145
65;187;147
0;0;0
41
260.0
64;66;146;186;218;219;220;350
607
63;145;69;151
370;351;332;312
0;35;69;69
22
1060.0
64;65;66;67;68;70;71;72;146;147;148;149;152;186;187;188;189;190;218;219;220;221;222;255;256;288;289;290;310;311;331;350;371
608
63;145
221;189
0;0
29
1090.0
64;65;66;67;68;146;147;148;186;187;188;218;219;220;331;350
609
286;254;221;189
219;187;147;289;257;153
0;35;36;69;69;82
259
1255.0
66;67;68;69;70;71;72;145;146;148;149;150;151;152;186;188;218;220;255;256;287;288;290;311;331;350;351;370;371
610
286;254;221;189
68;150;74;156
0;35;69;69
63
1255.0
66;67;69;70;71;72;73;145;146;147;148;149;151;152;153;154;155;186;187;188;218;219;220;222;255;256;257;258;287;288;289;290;311;331;350;351;370;371;372
611
287;255;222
150;74;156
0;34;34
245
1305.0
71;72;73;148;149;151;152;153;154;155;188;189;256;257;258;288;289;290;311;351;370;371;372
612
287;255;222
149;73;155
0;34;34
202
1345.0
71;72;148;150;151;152;153;154;188;189;256;257;258;288;289;290;311;351;370;371;372
613
65;187;147;289;71;257;153
371;352;333;313
0;35;69;69
51
1120.0
66;67;68;69;70;72;73;74;75;148;149;150;151;152;154;186;188;189;190;220;221;222;256;258;288;290;311;312;331;332;351;372
614
65;187;147
68;150
0;0
47
210.0
66;67;148;149;186;188;220;331
615
65;187;147
67;149
0;0
29
360.0
66;148;186;188;220;331
616
65;147
66;148
0;0
235
205.0

617
219;187;147;289
255;222;190
0;34;34
571
1120.0
67;68;69;70;148;149;186;188;189;220;221;288;331
618
219;187;147;289;71;257;153
371;352;333;313
0;35;69;69
404
1120.0
67;68;69;70;72;73;74;75;148;149;150;151;152;154;186;188;189;190;220;221;222;255;256;258;288;290;311;312;331;332;351;372
619
219;187;147
220;148;188
0;0;0
2290
205.0

620
219;187;147
221;189
0;0
292
1095.0
67;68;148;186;188;220;331
621
370;351;332;312
0
0
86
1175.0
71;72;73;74;75;76;77;78;79;151;152;153;154;155;156;157;158;190;191;223;224;225;256;257;258;259;288;289;290;291;292;311;313;333;352;353;371;372
622
144;68;150
222;190;292
0;34;34
39
1035.0
69;70;71;72;73;145;146;147;148;149;151;152;186;187;188;189;221;256;257;288;289;290;291;311;331;351;371
623
144;68
147;289;71
0;0;0
39
200.0
69;70;145;146;148;186;187;188;221;288;331
624
144;68;150
351;332;312
0;35;69
17
1025.0
69;70;71;72;145;146;147;148;149;151;152;186;187;188;189;190;221;222;256;288;289;290;311;331;371
625
144;68;150
221;189;291
0;34;34
6
1060.0
69;70;71;72;145;146;147;148;149;186;187;188;288;289;290;311;331
626
146;70;152
222;190;292
0;34;34
48
1130.0
71;72;73;147;148;149;150;151;186;187;188;189;256;257;288;289;290;291;311;331;351
627
146;70
147;289;71
0;0;0
68
260.0
148;186;187;188;288;331
628
146;70;152
351;332;312
0;35;69
38
1060.0
71;72;147;148;149;150;151;186;187;188;189;190;222;256;288;289;290;311;331
629
146;70
189;291
0;0
39
1090.0
71;72;147;148;149;150;186;187;188;288;289;290;311;331
630
145;69;151
222;190;292
0;34;34
39
1130.0
70;71;72;73;146;147;148;149;150;152;186;187;188;189;256;257;288;289;290;291;311;331;351;371
631
145;69;151;75
371;352;333;313
0;35;70;104
17
1130.0
70;71;72;73;74;146;147;148;149;150;152;153;154;186;187;188;189;190;222;256;257;258;288;289;290;311;312;331;332;351;372
632
145;69
147;289;71
0;0;0
38
260.0
70;146;148;186;187;188;288;331
633
145;69;151
351;332;312
0;35;69
24
1060.0
70;71;72;146;147;148;149;152;186;187;188;189;190;222;256;288;289;290;311;331;371
634
145;69
189;291
0;0
27
1090.0
70;71;72;146;147;148;149;150;186;187;188;288;289;290;311;331
635
254;221;189;291
187;289;71;257;224;77
0;35;36;69;69;82
250
1255.0
69;70;72;73;74;75;76;148;149;150;151;152;153;154;186;188;222;223;255;256;258;288;290;311;331;332;351;352;372
636
254;221;189
150;74;156
0;35;69
58
1255.0
69;70;71;72;73;148;149;151;152;153;154;155;186;187;188;222;255;256;257;258;288;289;290;311;331;351;372
637
255;222
74;156
0;34
246
1305.0
72;73;153;154;155;256;257;258;290;351;372
638
255;222;190
73;155;79
0;34;34
191
1345.0
72;74;75;76;77;78;153;154;223;224;225;256;257;258;290;291;332;351;352;353;372
639
147;289;71;257;153
352;333;313
0;35;69
51
1120.0
72;73;74;75;148;149;150;151;152;154;188;189;190;256;258;288;290;311;312;332;372
640
147;289;71
150;74
0;0
44
210.0
72;73;148;149;188;288;290;311
641
147;289;71
149;73
0;0
29
360.0
72;148;188;288;290;311
642
147;71
148;72
0;0
242
205.0

643
187;289;71;257
222;190;292
0;34;34
575
1120.0
72;73;149;150;151;152;188;189;256;288;290;291;311
644
187;289;71;257;153
352;333;313
0;35;69
404
1120.0
72;73;74;75;149;150;151;152;154;188;189;190;222;256;258;288;290;311;312;332;372
645
187;289;71
188;72;290
0;0;0
2267
205.0

646
187;289;71
189;291
0;0
271
1095.0
72;149;150;188;288;290;311
647
351;332;312
0
0
81
1175.0
75;76;77;78;79;153;154;155;156;157;158;191;223;224;225;256;257;258;259;292;313;333;352;353;372
648
68;150
190;292
0;34
41
1035.0
69;70;71;72;73;151;152;189;256;257;288;289;290;291;311
649
68;150
71;257;153
0;0;0
39
200.0
69;70;72;151;152;189;256;288;289;290;311
650
68;150;74;156
0
0
20
1025.0
69;70;71;72;73;75;76;77;78;79;151;152;153;154;155;157;158;189;190;191;223;224;225;256;257;258;259;288;289;290;291;292;311;312;313;332;333;352;353;372
651
68;150;74
189;291;259
0;34;34
5
1060.0
69;70;71;72;73;151;152;153;154;256;257;258;288;289;290;311;372
652
70;152
190;292
0;34
52
1130.0
71;72;73;256;257;288;289;290;291;311
653
70;152
71;257;153
0;0;0
73
260.0
72;256;288;289;290;311
654
70;152;76;158
0
0
37
1060.0
71;72;73;74;75;77;78;79;153;154;155;156;157;190;191;223;224;225;256;257;258;259;288;289;290;291;292;311;312;313;332;333;353;372
655
70;152
291;259
0;0
40
1090.0
71;72;73;74;153;154;256;257;258;288;289;290;311;372
656
69;151
190;292
0;34
35
1130.0
70;71;72;73;152;256;257;288;289;290;291;311
657
69;151;75;157
0
0
15
1130.0
70;71;72;73;74;76;77;78;79;152;153;154;155;158;190;191;223;224;225;256;257;258;259;288;289;290;291;292;311;312;313;332;333;352;353;372
658
69;151
71;257;153
0;0;0
42
260.0
70;72;152;256;288;289;290;311
659
69;151;75;157
0
0
22
1060.0
70;71;72;73;74;76;77;78;79;152;153;154;155;158;190;191;223;224;225;256;257;258;259;288;289;290;291;292;311;312;313;332;333;352;353;372
660
69;151
291;259
0;0
26
1090.0
70;71;72;73;74;152;153;154;256;257;258;288;289;290;311;372
661
221;189;291
289;257;153;224
0;35;36;69
241
1255.0
72;73;74;75;76;151;152;154;222;223;256;258;288;290;311;332;372
662
221;189;291;259
0
0
65
1255.0
72;73;74;75;76;77;78;79;151;152;153;154;155;156;157;158;190;191;222;223;224;225;256;257;258;288;289;290;292;311;312;313;332;333;353;372
663
222;190;292
0
0
236
1305.0
77;78;79;154;155;156;157;158;191;223;224;225;258;259;312;313;332;333;353
664
222;190
155;79
0;34
190
1345.0
77;78;154;223;224;225;258;332;353
665
71;257;153;224;77
0
0
45
1120.0
72;73;74;75;76;78;79;154;155;156;157;158;191;223;225;256;258;259;290;291;292;312;313;333;353;372
666
71;257;153
74;156
0;0
39
210.0
72;73;154;155;256;258;290;372
667
71;257;153
73;155
0;0
31
360.0
72;154;256;258;290;372
668
71;153
72;154
0;0
240
205.0

669
289;257
190;292
0;34
573
1120.0
73;256;290;291
670
289;257;153;224;77
0
0
419
1120.0
73;74;75;76;78;79;154;155;156;157;158;190;191;223;225;256;258;259;290;291;292;312;313;333;353;372
671
289;257;153
290;154;258
0;0;0
2288
205.0

672
289;257;153
291;259
0;0
275
1095.0
73;74;154;256;258;290;372
673
332;312
0
0
77
1175.0
77;78;79;157;158;191;223;224;225;313;333;353
674
150;74;156
0
0
45
1035.0
75;76;77;78;79;151;152;153;154;155;157;158;191;223;224;225;256;257;258;259;291;292;312;313;333;353;372
675
150;74
153;224;77
0;0;0
42
200.0
75;76;151;152;154;223;256;257;258;291;372
676
150;74;156
0
0
18
1025.0
75;76;77;78;79;151;152;153;154;155;157;158;191;223;224;225;256;257;258;259;291;292;312;313;333;353;372
677
150;74
291;259
0;34
6
1060.0
151;152;153;154;256;257;258;372
678
152;76;158
0
0
49
1130.0
77;78;79;153;154;155;156;157;191;223;224;225;256;257;258;259;292;312;313;353;372
679
152;76
153;224;77
0;0;0
74
260.0
154;223;256;257;258;372
680
152;76;158
0
0
33
1060.0
77;78;79;153;154;155;156;157;191;223;224;225;256;257;258;259;292;312;313;353;372
681
152
259
0
36
1090.0
153;154;256;257;258;372
682
151;75;157
0
0
39
1130.0
76;77;78;79;152;153;154;155;158;191;223;224;225;256;257;258;259;292;312;313;333;353;372
683
151;75;157
0
0
15
1130.0
76;77;78;79;152;153;154;155;158;191;223;224;225;256;257;258;259;292;312;313;333;353;372
684
151;75
153;224;77
0;0;0
43
260.0
76;152;154;223;256;257;258;372
685
151;75;157
0
0
19
1060.0
76;77;78;79;152;153;154;155;158;191;223;224;225;256;257;258;259;292;312;313;333;353;372
686
151
259
0
29
1090.0
152;153;154;256;257;258;372
687
189;291;259
0
0
244
1255.0
75;76;77;78;79;154;155;156;157;158;190;191;223;224;225;256;257;258;292;312;313;353;372
688
189;291;259
0
0
59
1255.0
75;76;77;78;79;154;155;156;157;158;190;191;223;224;225;256;257;258;292;312;313;353;372
689
190;292
0
0
244
1305.0
78;79;191;225;312;313
690
190;292
0
0
205
1345.0
78;79;191;225;312;313
691
153;224;77
0
0
49
1120.0
78;79;154;155;156;157;158;191;223;225;258;259;313;353
692
153
156
0
44
210.0
154;155;258
693
153;224;77
155;79
0;0
28
360.0
78;154;223;225;258;353
694
153;77
154;78
0;0
223
205.0

695
257;224;77
0
0
578
1120.0
78;79;155;156;157;158;191;223;225;258;259;292;313;353
696
257;224;77
0
0
424
1120.0
78;79;155;156;157;158;191;223;225;258;259;292;313;353
697
257;224;77
258;78;225
0;0;0
2342
205.0

698
257
259
0
275
1095.0
258
699
312
0
0
87
1175.0
191;313
700
74;156
0
0
43
1035.0
75;76;77;78;79;157;158;191;223;224;225;259;313;353
701
74
77
0
38
200.0
75;76
702
74;156
0
0
17
1025.0
75;76;77;78;79;157;158;191;223;224;225;259;313;353
703
74;156
0
0
5
1060.0
75;76;77;78;79;157;158;191;223;224;225;259;313;353
704
76;158
0
0
46
1130.0
77;78;79;191;223;224;225;353
705
76
77
0
66
260.0

706
76;158
0
0
33
1060.0
77;78;79;191;223;224;225;353
707
76;158
0
0
34
1090.0
77;78;79;191;223;224;225;353
708
75;157
0
0
37
1130.0
76;77;78;79;158;191;223;224;225;313;353
709
75;157
0
0
17
1130.0
76;77;78;79;158;191;223;224;225;313;353
710
75
77
0
39
260.0
76
711
75;157
0
0
22
1060.0
76;77;78;79;158;191;223;224;225;313;353
712
75;157
0
0
25
1090.0
76;77;78;79;158;191;223;224;225;313;353
713
291;259
0
0
239
1255.0
78;79;157;158;191;223;224;225;292;353
714
291;259
0
0
60
1255.0
78;79;157;158;191;223;224;225;292;353
715
292
0
0
251
1305.0

716
292
0
0
190
1345.0

717
77
0
0
49
1120.0
78;79;191;225
718
77
0
0
39
210.0
78;79;191;225
719
77
79
0
31
360.0
78;225
720
77
78
0
233
205.0

721
224
0
0
585
1120.0
79;191;225
722
224
0
0
428
1120.0
79;191;225
723
224
225
0
2314
205.0

724
224
0
0
272
1095.0
79;191;225
725
156
0
0
41
1035.0
157;158;191
726
156
0
0
41
200.0
157;158;191
727
156
0
0
16
1025.0
157;158;191
728
156
0
0
5
1060.0
157;158;191
729
158
0
0
49
1130.0
191
730
158
0
0
72
260.0
191
731
158
0
0
36
1060.0
191
732
158
0
0
37
1090.0
191
733
157
0
0
37
1130.0
158;191
734
157
0
0
15
1130.0
158;191
735
157
0
0
42
260.0
158;191
736
157
0
0
23
1060.0
158;191
737
157
0
0
24
1090.0
158;191
738
259
0
0
239
1255.0
191
739
259
0
0
59
1255.0
191
Empties
14;17;20;25;26;35;40;42;49;50;51;57;61;62;63;64;69;8;72;74;75;76;78;79;10;90;91;96;97;100;102;103;106;107;108;109;113;114;115;117;118;120;121;122;123;125;129;130;131;132;140;142;144;145;148;149;152;154;155;156;157;158;169;170;171;173;174;175;179;180;181;183;184;185;187;188;189;190;166;168;203;204;207;210;211;212;214;216;217;218;220;221;222;224;199;236;238;244;247;249;251;254;255;256;258;259;235;270;272;273;276;277;280;282;283;286;287;289;290;291;292;264;303;304;306;310;312;313;297;298;301;302;324;328;329;330;332;333;319;320;321;322;349;351;352;337;339;342;343;364;365;367;370;371;372;357;358;359;361
245;471;230;60;2110;2367;1849;314;621;287;29;461;290;54;542;537;7;2227;41;76;286;80;2267;229;181;116;1741;148;2273;196;420;31;218;87;1814;158;92;1995;262;39;155;10;127;1838;398;586;124;42;1253;190;2654;41;2478;2508;62;341;256;38;2547;2694;382;235;756;37;40;48;364;597;44;466;249;68;329;1250;168;231;63;55;262;1624;9;16;234;43;1242;819;32;356;265;5;33;21;346;63;313;37;43;370;2397;112;63;882;23;305;217;851;79;1644;749;192;13;35;64;1135;2529;27;309;245;464;622;596;2352;875;241;499;979;22;95;398;350;821;224;180;2348;52;74;430;125;13;184;91;35;838;43;1517;300;379;445;115;230;40;832;479;114;40;47;695;1055;204
2;13;15;18;19;3;21;22;23;24;27;28;4;31;32;33;34;36;37;38;39;41;43;44;45;46;47;48;6;52;53;54;55;56;58;59;60;7;67;68;70;9;81;92;93;94;95;98;99;101;104;105;83;110;111;116;119;84;124;126;127;128;85;133;134;135;137;138;139;86;141;143;146;147;87;150;89;160;177;178;161;182;186;162;163;164;165;167;202;205;206;209;213;219;196;197;198;200;227;237;239;240;242;245;228;248;250;252;229;230;231;232;233;234;271;274;275;279;262;281;284;266;267;268;269;294;305;307;308;309;296;300;315;325;326;327;331;316;317;318;323;335;345;346;347;348;350;338;340;355;366;368;356;360;362;363
901;740;217;2040;2288;155;788;2218;2195;610;20;1861;69;625;39;34;3027;216;200;276;34;320;2188;339;55;2653;1822;6;77;2417;2;37;3;146;449;549;588;168;6;66;250;205;142;265;39;2338;776;676;35;378;1287;36;583;718;20;93;40;69;26;96;358;74;5230;401;477;127;568;388;37;60;58;254;2362;456;467;91;687;70;217;425;30;511;337;48;2562;262;506;253;207;68;209;51;442;1999;720;34;8;623;585;276;9;291;1030;187;321;39;156;229;226;88;151;420;1;138;250;2412;427;16;295;406;373;220;29;8;2367;63;856;204;265;44;29;149;542;454;269;190;2342;1055;260;39;166;2411;25;396;2627;424;2219;102;192;88;2;549;213;16;275;39
112;128;134;190;121;116;191;111;100;149;180;189;178;145;152;187;179;112;105;157;148;184;170;134;143;143;165;118;129;102;176;169;198;107;139;123;173;151;162;141;120;150;115;168;172;148;174;134;155;178;184;147;156;142;119;111;122;159;140;186;136;200;163;163;104;147;126;145;200;126;172;107;150;184;188;163;186;169;111;176;155;136;153;151;132;159;124;131;172;113;162;179;153;141;167;146;164;199;162;186;143;165;127;169;119;132;162;195;105;198;160;199;165;176;126;162;200;182;187;113;122;189;104;138;126;100;114;127;150;164;170;170;168;125;100;158;152;158;171;110;192;155;127;153;168;155;111;174;170;150;108;169;131;101;168;152
